-29.0    -2.78594e-21
-29.9414    -2.12089e-21
-29.8828    2.32934e-21
-29.8242    5.37998e-21
-29.7656    1.58819e-21
-29.707    -3.63959e-21
-29.6484    -6.06158e-21
-29.5898    -4.60574e-21
-29.5312    1.37643e-21
-29.4727    5.74394e-21
-29.4141    4.87044e-21
-29.3555    2.64698e-23
-29.2969    -3.86459e-21
-29.2383    -2.67345e-21
-29.1797    7.41154e-22
-29.1211    9.39677e-22
-29.0625    9.92617e-22
-29.0039    -1.07864e-21
-28.9453    -1.32349e-23
-28.8867    3.89106e-21
-28.8281    4.44692e-21
-28.7695    -1.00585e-21
-28.7109    -3.22931e-21
-28.6523    -3.24255e-21
-28.5938    1.79995e-21
-28.5352    4.30134e-21
-28.4766    1.94553e-21
-28.418    -1.34996e-21
-28.3594    -2.10435e-21
-28.3008    7.54389e-22
-28.2422    2.81903e-21
-28.1836    1.34334e-21
-28.125    -2.5411e-21
-28.0664    -1.87935e-21
-28.0078    6.35275e-22
-27.9492    4.25502e-21
-27.8906    2.18376e-21
-27.832    -4.49986e-22
-27.7734    -2.5411e-21
-27.7148    -8.07328e-22
-27.6562    -1.46907e-21
-27.5977    -2.94476e-21
-27.5391    -2.68668e-21
-27.4805    1.90582e-21
-27.4219    6.41892e-21
-27.3633    3.6793e-21
-27.3047    -2.51463e-22
-27.2461    -5.55865e-22
-27.1875    6.18069e-21
-27.1289    7.31889e-21
-27.0703    1.88266e-21
-27.0117    -4.83073e-21
-26.9531    -3.36166e-21
-26.8945    1.72054e-21
-26.8359    4.88533e-21
-26.7773    -2.02494e-21
-26.7188    -5.17484e-21
-26.6602    -6.61744e-23
-26.6016    5.20793e-21
-26.543    5.57189e-21
-26.4844    -1.37643e-21
-26.4258    -2.5411e-21
-26.3672    2.16887e-21
-26.3086    3.53372e-21
-26.25    -1.93229e-21
-26.1914    -1.56172e-21
-26.1328    1.62458e-21
-26.0742    2.03817e-21
-26.0156    -1.83965e-21
-25.957    -3.08373e-21
-25.8984    3.28225e-21
-25.8398    8.57621e-21
-25.7812    1.60142e-21
-25.7227    -4.93496e-21
-25.6641    3.97047e-23
-25.6055    5.99541e-21
-25.5469    5.3866e-21
-25.4883    -1.4029e-21
-25.4297    -4.42045e-21
-25.3711    -9.13207e-22
-25.3125    -3.24172e-21
-25.2539    -9.76735e-21
-25.1953    -6.92185e-21
-25.1367    -9.76073e-22
-25.0781    1.16467e-21
-25.0195    -5.73071e-21
-24.9609    -3.38813e-21
-24.9023    -5.4263e-22
-24.8438    -2.91168e-21
-24.7852    -5.691e-21
-24.7266    4.43369e-22
-24.668    2.62051e-21
-24.6094    -3.44107e-22
-24.5508    -7.02773e-21
-24.4922    -1.11835e-20
-24.4336    -7.04096e-21
-24.375    -3.87121e-21
-24.3164    -2.07788e-21
-24.2578    -1.25731e-21
-24.1992    -3.90429e-21
-24.1406    -3.36166e-21
-24.082    -1.54848e-21
-24.0234    4.73809e-21
-23.9648    4.92338e-21
-23.9062    -2.11758e-21
-23.8477    -1.8595e-21
-23.7891    6.14099e-21
-23.7305    7.0939e-21
-23.6719    -3.33519e-21
-23.6133    -8.54974e-21
-23.5547    -4.11605e-21
-23.4961    -1.37643e-21
-23.4375    -5.87629e-21
-23.3789    -2.2367e-21
-23.3203    2.5411e-21
-23.2617    5.9557e-22
-23.2031    -1.67215e-21
-23.1445    7.54389e-21
-23.0859    1.38172e-20
-23.0273    5.63806e-21
-22.9688    4.59251e-21
-22.9102    1.67885e-20
-22.8516    1.08526e-20
-22.793    3.16314e-21
-22.7344    4.15245e-21
-22.6758    7.3586e-21
-22.6172    6.2204e-22
-22.5586    -1.66098e-21
-22.5    4.23516e-21
-22.4414    4.98294e-21
-22.3828    -4.48663e-21
-22.3242    -5.62483e-21
-22.2656    7.07239e-21
-22.207    9.64823e-21
-22.1484    5.29396e-21
-22.0898    6.28657e-21
-22.0312    8.92032e-21
-21.9727    -1.14151e-22
-21.9141    -3.59989e-21
-21.8555    7.54389e-22
-21.7969    -5.90276e-21
-21.7383    -1.43863e-20
-21.6797    -9.25036e-21
-21.6211    -5.59836e-21
-21.5625    -5.94247e-21
-21.5039    -3.45431e-21
-21.4453    5.16161e-21
-21.3867    1.01942e-20
-21.3281    6.74979e-21
-21.2695    9.87985e-21
-21.2109    1.15805e-20
-21.1523    -6.88214e-22
-21.0938    -6.78288e-21
-21.0352    -9.66147e-21
-20.9766    1.14813e-21
-20.918    3.46754e-21
-20.8594    1.45584e-22
-20.8008    3.63959e-21
-20.7422    1.52201e-21
-20.6836    6.71671e-21
-20.625    2.64698e-21
-20.5664    2.43522e-21
-20.5078    9.72764e-21
-20.4492    7.87476e-21
-20.3906    5.29396e-22
-20.332    -1.04556e-21
-20.2734    3.26902e-21
-20.2148    -5.98217e-21
-20.1562    8.85249e-21
-20.0977    1.13952e-20
-20.0391    8.43062e-21
-19.9805    6.45863e-21
-19.9219    8.36445e-21
-19.8633    -1.07864e-21
-19.8047    -2.51463e-21
-19.7461    1.91575e-21
-19.6875    -8.89385e-21
-19.6289    -1.08195e-20
-19.5703    4.26163e-21
-19.5117    1.08328e-20
-19.4531    3.56019e-21
-19.3945    1.15276e-20
-19.3359    1.3354e-20
-19.2773    -1.93229e-21
-19.2188    8.65562e-21
-19.1602    2.38757e-20
-19.1016    9.56883e-21
-19.043    1.61466e-20
-18.9844    3.30211e-21
-18.9258    1.19114e-22
-18.8672    1.85288e-21
-18.8086    2.31478e-20
-18.75    8.74164e-21
-18.6914    1.61333e-20
-18.6328    2.00509e-20
-18.5742    1.13952e-20
-18.5156    1.35393e-20
-18.457    1.71259e-20
-18.3984    2.64698e-23
-18.3398    -2.35581e-21
-18.2812    1.89259e-21
-18.2227    3.33519e-21
-18.1641    1.42937e-21
-18.1055    1.04556e-20
-18.0469    5.13514e-21
-17.9883    -3.66606e-21
-17.9297    1.68083e-21
-17.8711    -2.08119e-21
-17.8125    -6.93508e-21
-17.7539    8.60268e-23
-17.6953    1.64113e-21
-17.6367    2.599e-21
-17.5781    3.17637e-21
-17.5195    -7.92025e-21
-17.4609    -8.81444e-21
-17.4023    4.81378e-21
-17.3438    -5.55865e-21
-17.2852    -7.09873e-21
-17.2266    3.17637e-21
-17.168    -9.05517e-21
-17.1094    2.46169e-21
-17.0508    1.5562e-20
-16.9922    -4.31457e-21
-16.9336    2.31611e-22
-16.875    2.0117e-21
-16.8164    -9.10891e-21
-16.7578    -2.38228e-22
-16.6992    1.50514e-20
-16.6406    1.95876e-21
-16.582    1.5551e-22
-16.5234    -9.92617e-21
-16.4648    -2.37566e-21
-16.4062    6.24687e-21
-16.3477    -7.63653e-21
-16.2891    -3.12343e-21
-16.2305    1.45451e-20
-16.1719    1.42672e-20
-16.1133    4.10282e-22
-16.0547    -6.40569e-21
-15.9961    -1.42143e-20
-15.9375    -3.25578e-21
-15.8789    -5.00279e-21
-15.8203    6.98802e-21
-15.7617    6.03511e-21
-15.7031    4.57265e-21
-15.6445    1.15673e-20
-15.5859    -1.14813e-20
-15.5273    -1.88465e-20
-15.4688    -1.41679e-20
-15.4102    -8.78797e-21
-15.3516    -3.11384e-20
-15.293    -1.12761e-20
-15.2344    -2.70389e-20
-15.1758    -9.21148e-21
-15.1172    5.21455e-21
-15.0586    4.97632e-21
-15.0    -4.25369e-20
-14.9414    -1.74039e-20
-14.8828    -4.36751e-21
-14.8242    -1.04092e-20
-14.7656    -1.59613e-20
-14.707    -3.27746e-20
-14.6484    -1.93494e-20
-14.5898    -3.62735e-20
-14.5312    -4.66133e-20
-14.4727    -4.33575e-20
-14.4141    -3.12476e-20
-14.3555    -8.27181e-21
-14.2969    3.50592e-20
-14.2383    9.18501e-21
-14.1797    2.05207e-20
-14.1211    5.63806e-21
-14.0625    1.03803e-20
-14.0039    4.66927e-20
-13.9453    3.59393e-20
-13.8867    3.17108e-20
-13.8281    3.38284e-20
-13.7695    -3.04402e-20
-13.7109    1.03232e-21
-13.6523    -1.56172e-20
-13.5938    -3.04932e-20
-13.5352    -1.64741e-20
-13.4766    -1.91112e-20
-13.418    -1.99053e-20
-13.3594    -3.40269e-20
-13.3008    -1.59083e-20
-13.2422    3.719e-21
-13.1836    3.8143e-20
-13.125    1.9041e-20
-13.0664    -5.66453e-21
-13.0078    -2.37566e-20
-12.9492    -5.24102e-21
-12.8906    1.85288e-21
-12.832    1.52731e-20
-12.7734    2.61786e-20
-12.7148    2.60209e-20
-12.6562    3.98105e-20
-12.5977    6.36598e-20
-12.5391    3.3246e-20
-12.4805    4.08958e-20
-12.4219    1.61664e-20
-12.3633    -3.31666e-20
-12.3047    -2.38294e-20
-12.2461    -4.40987e-20
-12.1875    -6.62142e-20
-12.1289    -8.05608e-20
-12.0703    -8.04946e-20
-12.0117    -4.97069e-20
-11.9531    -3.46489e-20
-11.8945    -5.99408e-20
-11.8359    -4.83868e-20
-11.7773    -3.83812e-20
-11.7188    1.10445e-20
-11.6602    -1.21761e-21
-11.6016    2.40081e-20
-11.543    1.10114e-20
-11.4844    -6.32628e-21
-11.4258    -4.36751e-22
-11.3672    -2.25523e-20
-11.3086    -1.51225e-20
-11.25    2.0117e-21
-11.1914    2.5411e-20
-11.1328    -5.74394e-21
-11.0742    2.63374e-20
-11.0156    4.36139e-20
-10.957    3.0255e-20
-10.8984    3.44637e-20
-10.8398    5.55865e-21
-10.7812    2.63639e-20
-10.7227    2.24594e-20
-10.6641    4.03399e-20
-10.6055    9.09502e-20
-10.5469    9.54765e-20
-10.4883    1.30496e-19
-10.4297    6.0763e-20
-10.3711    2.86138e-20
-10.3125    -5.90276e-21
-10.2539    -5.02926e-20
-10.1953    -3.20814e-20
-10.1367    -8.20993e-20
-10.0781    -5.81012e-20
-10.0195    -4.32252e-20
-9.96094    -7.8377e-20
-9.90234    -3.80106e-20
-9.84375    -8.69532e-20
-9.78516    -1.12999e-19
-9.72656    -1.75283e-19
-9.66797    -1.09082e-19
-9.60938    -6.47186e-20
-9.55078    -6.11187e-20
-9.49219    -2.7608e-20
-9.43359    5.691e-21
-9.375    3.40021e-20
-9.31641    1.38702e-20
-9.25781    4.85985e-20
-9.19922    8.83958e-20
-9.14062    1.29305e-19
-9.08203    2.34258e-19
-9.02344    4.39531e-19
-8.96484    7.84882e-19
-8.90625    1.30192e-18
-8.84766    2.23355e-18
-8.78906    3.73129e-18
-8.73047    6.19752e-18
-8.67188    1.01733e-17
-8.61328    1.67891e-17
-8.55469    2.76126e-17
-8.49609    4.5311e-17
-8.4375    7.39901e-17
-8.37891    1.20369e-16
-8.32031    1.95448e-16
-8.26172    3.16141e-16
-8.20312    5.10008e-16
-8.14453    8.19917e-16
-8.08594    1.3137e-15
-8.02734    2.09784e-15
-7.96875    3.3389e-15
-7.91016    5.29638e-15
-7.85156    8.37336e-15
-7.79297    1.31939e-14
-7.73438    2.072e-14
-7.67578    3.24304e-14
-7.61719    5.05895e-14
-7.55859    7.86523e-14
-7.5    1.21873e-13
-7.44141    1.88211e-13
-7.38281    2.89684e-13
-7.32422    4.44372e-13
-7.26562    6.79376e-13
-7.20703    1.03518e-12
-7.14844    1.57202e-12
-7.08984    2.37927e-12
-7.03125    3.58895e-12
-6.97266    5.39547e-12
-6.91406    8.08407e-12
-6.85547    1.20717e-11
-6.79688    1.79657e-11
-6.73828    2.66475e-11
-6.67969    3.93918e-11
-6.62109    5.8035e-11
-6.5625    8.52138e-11
-6.50391    1.247e-10
-6.44531    1.81867e-10
-6.38672    2.64349e-10
-6.32812    3.82944e-10
-6.26953    5.52872e-10
-6.21094    7.95513e-10
-6.15234    1.14078e-09
-6.09375    1.63038e-09
-6.03516    2.32224e-09
-5.97656    3.29652e-09
-5.91797    4.66374e-09
-5.85938    6.57573e-09
-5.80078    9.24022e-09
-5.74219    1.29405e-08
-5.68359    1.80612e-08
-5.625    2.5123e-08
-5.56641    3.48277e-08
-5.50781    4.81177e-08
-5.44922    6.62541e-08
-5.39062    9.09174e-08
-5.33203    1.24339e-07
-5.27344    1.6947e-07
-5.21484    2.302e-07
-5.15625    3.11633e-07
-5.09766    4.20441e-07
-5.03906    5.65316e-07
-4.98047    7.57534e-07
-4.92188    1.01166e-06
-4.86328    1.34646e-06
-4.80469    1.78597e-06
-4.74609    2.3609e-06
-4.6875    3.1103e-06
-4.62891    4.08366e-06
-4.57031    5.34341e-06
-4.51172    6.96801e-06
-4.45312    9.05565e-06
-4.39453    1.17287e-05
-4.33594    1.51392e-05
-4.27734    1.94749e-05
-4.21875    2.4967e-05
-4.16016    3.1899e-05
-4.10156    4.06168e-05
-4.04297    5.15412e-05
-3.98438    6.5181e-05
-3.92578    8.21497e-05
-3.86719    0.000103183
-3.80859    0.00012916
-3.75    0.000161126
-3.69141    0.000200318
-3.63281    0.000248194
-3.57422    0.000306464
-3.51562    0.000377123
-3.45703    0.00046249
-3.39844    0.000565246
-3.33984    0.000688475
-3.28125    0.000835706
-3.22266    0.00101096
-3.16406    0.00121879
-3.10547    0.00146433
-3.04688    0.00175332
-2.98828    0.00209218
-2.92969    0.002488
-2.87109    0.0029486
-2.8125    0.00348252
-2.75391    0.00409907
-2.69531    0.00480827
-2.63672    0.0056209
-2.57812    0.00654839
-2.51953    0.00760285
-2.46094    0.0087969
-2.40234    0.0101437
-2.34375    0.0116566
-2.28516    0.0133494
-2.22656    0.0152356
-2.16797    0.0173289
-2.10938    0.0196423
-2.05078    0.0221884
-1.99219    0.0249787
-1.93359    0.0280236
-1.875    0.031332
-1.81641    0.0349111
-1.75781    0.0387658
-1.69922    0.0428986
-1.64062    0.0473095
-1.58203    0.0519951
-1.52344    0.0569491
-1.46484    0.0621614
-1.40625    0.0676182
-1.34766    0.073302
-1.28906    0.0791913
-1.23047    0.0852605
-1.17188    0.0914802
-1.11328    0.0978173
-1.05469    0.104235
-0.996094    0.110693
-0.9375    0.117148
-0.878906    0.123554
-0.820312    0.129864
-0.761719    0.136028
-0.703125    0.141996
-0.644531    0.147718
-0.585938    0.153144
-0.527344    0.158224
-0.46875    0.162912
-0.410156    0.167164
-0.351562    0.170939
-0.292969    0.174199
-0.234375    0.176913
-0.175781    0.179053
-0.117188    0.180598
-0.0585938    0.181531
0.0    0.181843
0.0585938    0.181531
0.117188    0.180598
0.175781    0.179053
0.234375    0.176913
0.292969    0.174199
0.351562    0.170939
0.410156    0.167164
0.46875    0.162912
0.527344    0.158224
0.585938    0.153144
0.644531    0.147718
0.703125    0.141996
0.761719    0.136028
0.820312    0.129864
0.878906    0.123554
0.9375    0.117148
0.996094    0.110693
1.05469    0.104235
1.11328    0.0978173
1.17188    0.0914802
1.23047    0.0852605
1.28906    0.0791913
1.34766    0.073302
1.40625    0.0676182
1.46484    0.0621614
1.52344    0.0569491
1.58203    0.0519951
1.64062    0.0473095
1.69922    0.0428986
1.75781    0.0387658
1.81641    0.0349111
1.875    0.031332
1.93359    0.0280236
1.99219    0.0249787
2.05078    0.0221884
2.10938    0.0196423
2.16797    0.0173289
2.22656    0.0152356
2.28516    0.0133494
2.34375    0.0116566
2.40234    0.0101437
2.46094    0.0087969
2.51953    0.00760285
2.57812    0.00654839
2.63672    0.0056209
2.69531    0.00480827
2.75391    0.00409907
2.8125    0.00348252
2.87109    0.0029486
2.92969    0.002488
2.98828    0.00209218
3.04688    0.00175332
3.10547    0.00146433
3.16406    0.00121879
3.22266    0.00101096
3.28125    0.000835706
3.33984    0.000688475
3.39844    0.000565246
3.45703    0.00046249
3.51562    0.000377123
3.57422    0.000306464
3.63281    0.000248194
3.69141    0.000200318
3.75    0.000161126
3.80859    0.00012916
3.86719    0.000103183
3.92578    8.21497e-05
3.98438    6.5181e-05
4.04297    5.15412e-05
4.10156    4.06168e-05
4.16016    3.1899e-05
4.21875    2.4967e-05
4.27734    1.94749e-05
4.33594    1.51392e-05
4.39453    1.17287e-05
4.45312    9.05565e-06
4.51172    6.96801e-06
4.57031    5.34341e-06
4.62891    4.08366e-06
4.6875    3.1103e-06
4.74609    2.3609e-06
4.80469    1.78597e-06
4.86328    1.34646e-06
4.92188    1.01166e-06
4.98047    7.57534e-07
5.03906    5.65316e-07
5.09766    4.20441e-07
5.15625    3.11633e-07
5.21484    2.302e-07
5.27344    1.6947e-07
5.33203    1.24339e-07
5.39062    9.09174e-08
5.44922    6.62541e-08
5.50781    4.81177e-08
5.56641    3.48277e-08
5.625    2.5123e-08
5.68359    1.80612e-08
5.74219    1.29405e-08
5.80078    9.24022e-09
5.85938    6.57573e-09
5.91797    4.66374e-09
5.97656    3.29652e-09
6.03516    2.32224e-09
6.09375    1.63038e-09
6.15234    1.14078e-09
6.21094    7.95513e-10
6.26953    5.52872e-10
6.32812    3.82944e-10
6.38672    2.64349e-10
6.44531    1.81867e-10
6.50391    1.247e-10
6.5625    8.52138e-11
6.62109    5.8035e-11
6.67969    3.93918e-11
6.73828    2.66475e-11
6.79688    1.79657e-11
6.85547    1.20717e-11
6.91406    8.08407e-12
6.97266    5.39547e-12
7.03125    3.58895e-12
7.08984    2.37927e-12
7.14844    1.57202e-12
7.20703    1.03518e-12
7.26562    6.79377e-13
7.32422    4.44372e-13
7.38281    2.89684e-13
7.44141    1.88211e-13
7.5    1.21873e-13
7.55859    7.86523e-14
7.61719    5.05894e-14
7.67578    3.24304e-14
7.73438    2.072e-14
7.79297    1.31939e-14
7.85156    8.37334e-15
7.91016    5.29633e-15
7.96875    3.33886e-15
8.02734    2.09777e-15
8.08594    1.31368e-15
8.14453    8.19823e-16
8.20312    5.09995e-16
8.26172    3.1616e-16
8.32031    1.95352e-16
8.37891    1.2026e-16
8.4375    7.3807e-17
8.49609    4.5143e-17
8.55469    2.75513e-17
8.61328    1.67954e-17
8.67188    1.01454e-17
8.73047    6.15364e-18
8.78906    3.66053e-18
8.84766    2.17653e-18
8.90625    1.26179e-18
8.96484    7.39499e-19
9.02344    4.60283e-19
9.08203    2.57233e-19
9.14062    1.69265e-19
9.19922    3.07049e-21
9.25781    4.50251e-20
9.31641    4.67192e-20
9.375    7.35066e-20
9.43359    -1.58157e-20
9.49219    -1.16732e-20
9.55078    5.14308e-20
9.60938    3.44306e-20
9.66797    3.83812e-20
9.72656    3.95194e-20
9.78516    2.8005e-20
9.84375    -4.48398e-20
9.90234    -1.23573e-19
9.96094    -1.15276e-19
10.0195    -1.34083e-19
10.0781    -1.29159e-19
10.1367    -1.35075e-19
10.1953    -6.36334e-20
10.2539    -4.80956e-20
10.3125    -7.40095e-20
10.3711    -6.89273e-20
10.4297    -1.18717e-19
10.4883    -7.33246e-20
10.5469    -7.44066e-20
10.6055    -9.50265e-21
10.6641    1.91906e-21
10.7227    -4.80162e-20
10.7812    -1.85288e-22
10.8398    8.39092e-21
10.8984    5.96894e-20
10.957    -8.69532e-21
11.0156    -2.94873e-20
11.0742    -1.68712e-20
11.1328    -8.68209e-21
11.1914    -2.08979e-20
11.25    2.12288e-20
11.3086    3.57077e-20
11.3672    3.6587e-20
11.4258    -1.16467e-21
11.4844    2.48022e-20
11.543    -3.6171e-20
11.6016    -4.87044e-20
11.6602    -2.18243e-20
11.7188    -1.82906e-20
11.7773    -1.10776e-20
11.8359    -3.12343e-21
11.8945    -2.69198e-20
11.9531    4.17892e-20
12.0117    7.46448e-21
12.0703    6.58634e-20
12.1289    3.1949e-20
12.1875    2.10302e-20
12.2461    -1.23084e-21
12.3047    -4.72486e-20
12.3633    -3.33685e-20
12.4219    -3.43048e-20
12.4805    -1.77877e-20
12.5391    -4.15576e-21
12.5977    -3.90694e-20
12.6562    -2.08185e-20
12.7148    -2.75815e-20
12.7734    -7.46861e-21
12.832    4.21134e-20
12.8906    9.75411e-21
12.9492    2.19434e-20
13.0078    -1.28775e-20
13.0664    -3.63298e-20
13.125    -2.47492e-20
13.1836    -4.0196e-20
13.2422    1.58819e-22
13.3008    1.0257e-21
13.3594    -9.02619e-21
13.418    1.57628e-20
13.4766    -1.97729e-20
13.5352    3.09432e-20
13.5938    3.60783e-20
13.6523    1.8423e-20
13.7109    4.45387e-20
13.7695    -3.30872e-21
13.8281    -1.23084e-21
13.8867    8.73503e-21
13.9453    -2.76477e-20
14.0039    -1.5326e-20
14.0625    -4.28546e-20
14.1211    -2.8316e-20
14.1797    -2.74227e-20
14.2383    -3.3567e-20
14.2969    -1.2282e-20
14.3555    -8.16593e-21
14.4141    -3.08373e-20
14.4727    -1.41481e-20
14.5312    -2.17846e-20
14.5898    3.49401e-21
14.6484    3.93606e-20
14.707    3.80635e-20
14.7656    4.0876e-20
14.8242    1.31025e-20
14.8828    -5.88953e-22
14.9414    4.57133e-20
15.0    -7.44463e-21
15.0586    8.31151e-21
15.1172    5.58248e-20
15.1758    4.24708e-20
15.2344    5.2291e-20
15.293    7.2686e-20
15.3516    4.41251e-20
15.4102    5.02396e-20
15.4688    3.82488e-20
15.5273    -1.54186e-21
15.5859    -4.68515e-21
15.6445    -6.13437e-21
15.7031    -2.14405e-20
15.7617    -1.27237e-20
15.8203    -3.43842e-20
15.8789    -3.1016e-20
15.9375    1.4029e-21
15.9961    -1.71193e-20
16.0547    -2.01303e-20
16.1133    -1.50878e-21
16.1719    -1.25202e-20
16.2305    -6.14099e-21
16.2891    -1.11702e-20
16.3477    -1.882e-20
16.4062    8.40416e-21
16.4648    7.13361e-21
16.5234    5.28072e-21
16.582    1.89391e-20
16.6406    3.6793e-21
16.6992    -7.41154e-22
16.7578    2.69992e-21
16.8164    -5.05573e-21
16.875    3.07049e-21
16.9336    2.04479e-20
16.9922    -4.48663e-21
17.0508    -1.12894e-20
17.1094    9.26442e-22
17.168    -1.2004e-20
17.2266    5.17484e-21
17.2852    9.79382e-21
17.3438    -1.60936e-20
17.4023    1.32349e-22
17.4609    1.74701e-21
17.5195    -5.9557e-21
17.5781    9.79382e-21
17.6367    5.62483e-21
17.6953    -1.06938e-20
17.7539    1.05614e-20
17.8125    -1.00585e-21
17.8711    -8.5365e-21
17.9297    1.972e-21
17.9883    1.32349e-22
18.0469    -6.94832e-21
18.1055    1.23746e-20
18.1641    1.35261e-20
18.2227    -5.79026e-21
18.2812    7.79535e-21
18.3398    1.44194e-20
18.3984    5.691e-21
18.457    2.05174e-20
18.5156    2.97388e-20
18.5742    1.55535e-20
18.6328    1.75627e-20
18.6914    1.89921e-21
18.75    -1.80259e-20
18.8086    -8.69532e-21
18.8672    -7.99387e-21
18.9258    -2.0395e-20
18.9844    1.46907e-21
19.043    7.27919e-21
19.1016    -9.60853e-21
19.1602    1.53525e-21
19.2188    1.17195e-20
19.2773    -1.25864e-20
19.3359    -1.00023e-20
19.3945    4.04988e-21
19.4531    -1.79779e-20
19.5117    -2.02361e-20
19.5703    4.53295e-21
19.6289    -7.54389e-22
19.6875    -1.09188e-20
19.7461    7.6233e-21
19.8047    -3.30872e-22
19.8633    -9.25781e-21
19.9219    8.78797e-21
19.9805    4.6304e-21
20.0391    -7.10714e-21
20.0977    4.69839e-21
20.1562    1.10644e-20
20.2148    -7.64977e-21
20.2734    -1.6676e-21
20.332    1.28511e-20
20.3906    -4.50979e-21
20.4492    -1.74701e-20
20.5078    3.74547e-21
20.5664    9.74088e-21
20.625    -5.04249e-21
20.6836    6.20716e-21
20.7422    9.97911e-21
20.8008    4.02672e-21
20.8594    1.13158e-20
20.918    1.29305e-20
20.9766    -8.04681e-21
21.0352    -1.50613e-20
21.0938    -3.50725e-21
21.1523    -7.54389e-21
21.2109    -1.0567e-20
21.2695    5.62483e-21
21.3281    9.91293e-21
21.3867    -1.19114e-22
21.4453    5.62483e-21
21.5039    2.23703e-20
21.5625    1.03629e-20
21.6211    -3.09696e-21
21.6797    8.45709e-21
21.7383    6.29981e-21
21.7969    -5.07558e-21
21.8555    1.48231e-21
21.9141    9.27104e-21
21.9727    -7.67624e-22
22.0312    -4.79103e-21
22.0898    7.07736e-21
22.1484    8.47033e-21
22.207    -2.77933e-22
22.2656    6.68362e-21
22.3242    7.68947e-21
22.3828    -4.02734e-21
22.4414    -4.26163e-21
22.5    6.45863e-21
22.5586    2.05141e-21
22.6172    -7.47771e-21
22.6758    1.16467e-21
22.7344    7.9277e-21
22.793    -3.01755e-21
22.8516    -4.41714e-21
22.9102    9.72764e-21
22.9688    1.09982e-20
23.0273    -1.34334e-21
23.0859    1.91906e-21
23.1445    1.28974e-20
23.2031    2.44845e-21
23.2617    -2.30287e-21
23.3203    7.08067e-21
23.3789    8.36445e-21
23.4375    -8.69532e-21
23.4961    -1.0841e-20
23.5547    7.34536e-21
23.6133    8.03358e-21
23.6719    -1.19544e-20
23.7305    -1.10644e-20
23.7891    4.10282e-21
23.8477    4.17561e-21
23.9062    -9.68794e-21
23.9648    -6.2204e-22
24.0234    9.83352e-21
24.082    1.972e-21
24.1406    -6.15422e-21
24.1992    9.92617e-22
24.2578    4.61898e-21
24.3164    -8.75488e-21
24.375    -1.26062e-20
24.4336    2.71315e-21
24.4922    1.36452e-20
24.5508    -8.20563e-22
24.6094    -1.3182e-20
24.668    2.06464e-21
24.7266    1.41481e-20
24.7852    2.46169e-21
24.8438    -8.24534e-21
24.9023    2.20361e-21
24.9609    9.52912e-21
25.0195    -2.03817e-21
25.0781    -1.34003e-20
25.1367    -3.81165e-21
25.1953    4.2484e-21
25.2539    -4.55942e-21
25.3125    -1.00718e-20
25.3711    3.57342e-22
25.4297    9.0659e-21
25.4883    9.0659e-22
25.5469    -1.04291e-20
25.6055    -2.22346e-21
25.6641    9.41662e-21
25.7227    2.14405e-21
25.7812    -1.01247e-20
25.8398    -6.08805e-21
25.8984    6.73325e-21
25.957    5.16161e-21
26.0156    -9.52912e-21
26.0742    -1.13092e-20
26.1328    -1.52201e-21
26.1914    1.27055e-21
26.25    -6.56451e-21
26.3086    -9.57544e-21
26.3672    1.27717e-21
26.4258    7.02773e-21
26.4844    -3.36166e-21
26.543    -1.28246e-20
26.6016    -5.28072e-21
26.6602    6.31304e-21
26.7188    6.10128e-21
26.7773    -7.2064e-21
26.8359    -1.15011e-20
26.8945    -4.10282e-22
26.9531    7.57036e-21
27.0117    4.705e-21
27.0703    -1.91906e-21
27.1289    3.97047e-22
27.1875    7.79535e-21
27.2461    5.46601e-21
27.3047    -2.79877e-21
27.3633    -6.23363e-21
27.4219    1.90582e-21
27.4805    7.21301e-21
27.5391    2.19699e-21
27.5977    -6.59428e-21
27.6562    -4.44692e-21
27.7148    4.8175e-21
27.7734    9.26442e-21
27.832    1.92568e-21
27.8906    -6.79942e-21
27.9492    -3.50725e-21
28.0078    3.86459e-21
28.0664    7.30566e-21
28.125    -6.61744e-23
28.1836    -4.09289e-21
28.2422    -1.10511e-21
28.3008    4.52633e-21
28.3594    2.99109e-21
28.418    -4.02341e-21
28.4766    -5.24102e-21
28.5352    3.84474e-21
28.5938    1.12265e-20
28.6523    9.42324e-21
28.7109    -3.54695e-21
28.7695    -1.0932e-20
28.8281    -6.08805e-21
28.8867    5.71747e-21
28.9453    9.29089e-21
29.0039    1.62955e-21
29.0625    -8.74826e-21
29.1211    -8.31151e-21
29.1797    7.14684e-22
29.2383    8.70856e-21
29.2969    4.10282e-21
29.3555    -7.01449e-21
29.4141    -1.14614e-20
29.4727    -2.88521e-21
29.5312    8.4968e-21
29.5898    1.1382e-20
29.6484    1.52201e-21
29.707    -1.05217e-20
29.7656    -1.24739e-20
29.8242    -3.38151e-21
29.8828    8.53981e-21
29.9414    9.36203e-21

-30.0    -1.35419e-19
-29.9414    -1.04609e-19
-29.8828    1.07573e-19
-29.8242    2.56651e-19
-29.7656    6.81862e-20
-29.707    -1.78724e-19
-29.6484    -3.14249e-19
-29.5898    -2.21076e-19
-29.5312    5.33631e-20
-29.4727    2.86297e-19
-29.4141    2.35475e-19
-29.3555    0.0
-29.2969    -1.81265e-19
-29.2383    -1.34678e-19
-29.1797    3.47284e-20
-29.1211    4.15046e-20
-29.0625    3.84341e-20
-29.0039    -5.80218e-20
-28.9453    -1.01644e-20
-28.8867    1.76183e-19
-28.8281    2.07523e-19
-28.7695    -3.98105e-20
-28.7109    -1.66865e-19
-28.6523    -1.60089e-19
-28.5938    7.6233e-20
-28.5352    1.98206e-19
-28.4766    8.21622e-20
-28.418    -7.03037e-20
-28.3594    -1.05879e-19
-28.3008    2.6258e-20
-28.2422    1.27426e-19
-28.1836    5.33631e-20
-28.125    -1.3129e-19
-28.0664    -9.48677e-20
-28.0078    2.96462e-20
-27.9492    2.11335e-19
-27.8906    1.14561e-19
-27.832    -5.92923e-21
-27.7734    -1.09267e-19
-27.7148    -3.21873e-20
-27.6562    -6.18334e-20
-27.5977    -1.33619e-19
-27.5391    -1.09267e-19
-27.4805    1.11808e-19
-27.4219    3.24414e-19
-27.3633    1.87194e-19
-27.3047    -1.27055e-20
-27.2461    -3.47284e-20
-27.1875    2.87144e-19
-27.1289    3.5406e-19
-27.0703    9.14796e-20
-27.0117    -2.35475e-19
-26.9531    -1.69407e-19
-26.8945    8.21622e-20
-26.8359    2.34734e-19
-26.7773    -8.17387e-20
-26.7188    -2.52416e-19
-26.6602    0.0
-26.6016    2.63321e-19
-26.543    2.81638e-19
-26.4844    -5.67512e-20
-26.4258    -1.15196e-19
-26.3672    9.8097e-20
-26.3086    1.43996e-19
-26.25    -1.18585e-19
-26.1914    -1.01644e-19
-26.1328    5.41042e-20
-26.0742    6.94567e-20
-26.0156    -1.16891e-19
-25.957    -1.57548e-19
-25.8984    1.67713e-19
-25.8398    4.18434e-19
-25.7812    9.74088e-20
-25.7227    -2.24252e-19
-25.6641    2.15993e-20
-25.6055    2.94767e-19
-25.5469    2.72321e-19
-25.4883    -5.33631e-20
-25.4297    -2.09217e-19
-25.3711    -3.81165e-20
-25.3125    -1.54531e-19
-25.2539    -4.66715e-19
-25.1953    -3.15943e-19
-25.1367    -4.42575e-20
-25.0781    4.19281e-20
-25.0195    -2.83756e-19
-24.9609    -1.71101e-19
-24.9023    -2.96462e-20
-24.8438    -1.43996e-19
-24.7852    -2.66392e-19
-24.7266    2.87991e-20
-24.668    1.41455e-19
-24.6094    -3.81165e-21
-24.5508    -3.33943e-19
-24.4922    -5.50571e-19
-24.4336    -3.41354e-19
-24.375    -1.74383e-19
-24.3164    -7.6233e-20
-24.2578    -4.57398e-20
-24.1992    -1.87512e-19
-24.1406    -1.83806e-19
-24.082    -8.38563e-20
-24.0234    2.15464e-19
-23.9648    2.24464e-19
-23.9062    -1.27478e-19
-23.8477    -1.14985e-19
-23.7891    2.74439e-19
-23.7305    3.31613e-19
-23.6719    -1.45266e-19
-23.6133    -3.87094e-19
-23.5547    -1.64324e-19
-23.4961    -3.89635e-20
-23.4375    -2.60039e-19
-23.3789    -9.29619e-20
-23.3203    1.15196e-19
-23.2617    1.77877e-20
-23.2031    -7.15213e-20
-23.1445    3.82859e-19
-23.0859    6.82709e-19
-23.0273    2.96673e-19
-22.9688    2.36322e-19
-22.9102    8.21198e-19
-22.8516    5.28972e-19
-22.793    1.47384e-19
-22.7344    1.87088e-19
-22.6758    3.42201e-19
-22.6172    4.74338e-20
-22.5586    -6.33157e-20
-22.5    2.04982e-19
-22.4414    2.46063e-19
-22.3828    -2.07947e-19
-22.3242    -2.66815e-19
-22.2656    3.43737e-19
-22.207    4.74338e-19
-22.1484    2.71051e-19
-22.0898    2.97732e-19
-22.0312    4.42998e-19
-21.9727    -2.81109e-20
-21.9141    -1.855e-19
-21.8555    5.92923e-20
-21.7969    -2.73592e-19
-21.7383    -7.45389e-19
-21.6797    -4.61104e-19
-21.6211    -2.38863e-19
-21.5625    -3.14249e-19
-21.5039    -1.86347e-19
-21.4453    2.36322e-19
-21.3867    4.90009e-19
-21.3281    3.33731e-19
-21.2695    4.89585e-19
-21.2109    5.56501e-19
-21.1523    -5.50571e-20
-21.0938    -3.47495e-19
-21.0352    -5.44642e-19
-20.9766    3.13402e-20
-20.918    1.40607e-19
-20.8594    1.90582e-20
-20.8008    1.74489e-19
-20.7422    7.708e-20
-20.6836    3.43366e-19
-20.625    1.32984e-19
-20.5664    1.66442e-19
-20.5078    5.23466e-19
-20.4492    4.02764e-19
-20.3906    5.42101e-20
-20.332    -5.2516e-20
-20.2734    1.04397e-19
-20.2148    -2.70204e-19
-20.1562    4.13776e-19
-20.0977    5.55654e-19
-20.0391    4.10387e-19
-19.9805    3.28649e-19
-19.9219    4.04035e-19
-19.8633    -8.68209e-20
-19.8047    -1.6263e-19
-19.7461    7.22096e-20
-19.6875    -4.54857e-19
-19.6289    -5.40725e-19
-19.5703    1.96512e-19
-19.5117    5.17114e-19
-19.4531    1.47384e-19
-19.3945    5.11184e-19
-19.3359    6.36969e-19
-19.2773    -1.00797e-19
-19.2188    4.1674e-19
-19.1602    1.12994e-18
-19.1016    4.27116e-19
-19.043    7.75882e-19
-18.9844    1.67421e-19
-18.9258    9.82558e-20
-18.8672    9.69853e-20
-18.8086    1.11978e-18
-18.75    4.42575e-19
-18.6914    8.21622e-19
-18.6328    9.8637e-19
-18.5742    5.66665e-19
-18.5156    6.4671e-19
-18.457    7.96211e-19
-18.3984    -2.11758e-20
-18.3398    -1.00373e-19
-18.2812    1.07573e-19
-18.2227    1.3976e-19
-18.1641    4.74338e-20
-18.1055    4.73915e-19
-18.0469    2.65121e-19
-17.9883    -1.53948e-19
-17.9297    4.31987e-20
-17.8711    -1.33408e-19
-17.8125    -4.01494e-19
-17.7539    -2.03288e-20
-17.6953    6.52215e-20
-17.6367    8.13152e-20
-17.5781    1.27902e-19
-17.5195    -3.99455e-19
-17.4609    -4.66715e-19
-17.4023    2.00813e-19
-17.3438    -3.36272e-19
-17.2852    -4.20535e-19
-17.2266    7.36919e-20
-17.168    -5.14726e-19
-17.1094    7.87741e-20
-17.0508    7.14009e-19
-16.9922    -2.27005e-19
-16.9336    2.85874e-21
-16.875    1.29596e-19
-16.8164    -4.26163e-19
-16.7578    0.0
-16.6992    7.17755e-19
-16.6406    7.96211e-20
-16.582    -3.1552e-20
-16.5234    -4.92973e-19
-16.4648    -1.37431e-19
-16.4062    3.07473e-19
-16.3477    -3.14249e-19
-16.2891    -1.55007e-19
-16.2305    6.84826e-19
-16.1719    6.72544e-19
-16.1133    3.9387e-20
-16.0547    -2.5411e-19
-15.9961    -6.64921e-19
-15.9375    -1.07573e-19
-15.8789    -2.82909e-19
-15.8203    3.02814e-19
-15.7617    2.91379e-19
-15.7031    2.04982e-19
-15.6445    5.2516e-19
-15.5859    -5.8657e-19
-15.5273    -9.26654e-19
-15.4688    -7.10661e-19
-15.4102    -5.24313e-19
-15.3516    -1.62906e-18
-15.293    -5.86147e-19
-15.2344    -1.34636e-18
-15.1758    -4.73491e-19
-15.1172    2.73592e-19
-15.0586    3.18484e-19
-15.0    -2.03627e-18
-14.9414    -8.59738e-19
-14.8828    -2.46487e-19
-14.8242    -4.68833e-19
-14.7656    -7.71647e-19
-14.707    -1.565e-18
-14.6484    -1.01729e-18
-14.5898    -1.90095e-18
-14.5312    -2.3683e-18
-14.4727    -2.1972e-18
-14.4141    -1.57548e-18
-14.3555    -3.77777e-19
-14.2969    1.71101e-18
-14.2383    5.31937e-19
-14.1797    1.05159e-18
-14.1211    3.2272e-19
-14.0625    4.83603e-19
-14.0039    2.25141e-18
-13.9453    1.62419e-18
-13.8867    1.4713e-18
-13.8281    1.56108e-18
-13.7695    -1.53398e-18
-13.7109    -3.55754e-20
-13.6523    -8.76256e-19
-13.5938    -1.5128e-18
-13.5352    -8.41104e-19
-13.4766    -1.06387e-18
-13.418    -9.87217e-19
-13.3594    -1.65764e-18
-13.3008    -7.66565e-19
-13.2422    1.50772e-19
-13.1836    1.82874e-18
-13.125    1.01774e-18
-13.0664    -1.49925e-19
-13.0078    -9.46983e-19
-12.9492    -9.74088e-20
-12.8906    2.23617e-19
-12.832    8.04258e-19
-12.7734    1.26547e-18
-12.7148    1.31569e-18
-12.6562    1.83891e-18
-12.5977    2.89601e-18
-12.5391    1.44334e-18
-12.4805    1.78893e-18
-12.4219    6.41204e-19
-12.3633    -1.66696e-18
-12.3047    -1.20046e-18
-12.2461    -2.14977e-18
-12.1875    -3.25684e-18
-12.1289    -3.91245e-18
-12.0703    -3.97682e-18
-12.0117    -2.47715e-18
-11.9531    -1.74489e-18
-11.8945    -2.97647e-18
-11.8359    -2.33103e-18
-11.7773    -1.92276e-18
-11.7188    4.10387e-19
-11.6602    -1.74489e-19
-11.6016    1.09479e-18
-11.543    5.03985e-19
-11.4844    -2.77827e-19
-11.4258    9.14796e-20
-11.3672    -9.67312e-19
-11.3086    -6.98379e-19
-11.25    1.52466e-19
-11.1914    1.20872e-18
-11.1328    -2.49875e-19
-11.0742    1.32137e-18
-11.0156    2.19201e-18
-10.957    1.66188e-18
-10.8984    1.85924e-18
-10.8398    5.51418e-19
-10.7812    1.63647e-18
-10.7227    1.47873e-18
-10.6641    2.38186e-18
-10.6055    4.65953e-18
-10.5469    4.85943e-18
-10.4883    6.6221e-18
-10.4297    3.27394e-18
-10.3711    1.64494e-18
-10.3125    -1.27055e-19
-10.2539    -2.35899e-18
-10.1953    -1.5416e-18
-10.1367    -3.79725e-18
-10.0781    -2.72406e-18
-10.0195    -1.93547e-18
-9.96094    -3.5262e-18
-9.90234    -1.62292e-18
-9.84375    -3.98995e-18
-9.78516    -5.24822e-18
-9.72656    -8.24671e-18
-9.66797    -5.02333e-18
-9.60938    -3.07134e-18
-9.55078    -2.97139e-18
-9.49219    -1.65256e-18
-9.43359    -2.74439e-19
-9.375    5.65209e-19
-9.31641    -1.1418e-18
-9.25781    -8.75832e-19
-9.19922    -1.21465e-18
-9.14062    -3.21703e-18
-9.08203    -5.08432e-18
-9.02344    -6.77288e-18
-8.96484    -9.38004e-18
-8.90625    -1.67977e-17
-8.84766    -2.56532e-17
-8.78906    -4.24033e-17
-8.73047    -7.03241e-17
-8.67188    -1.20448e-16
-8.61328    -1.98351e-16
-8.55469    -3.24842e-16
-8.49609    -5.28017e-16
-8.4375    -8.61362e-16
-8.37891    -1.40236e-15
-8.32031    -2.26213e-15
-8.26172    -3.64422e-15
-8.20312    -5.83425e-15
-8.14453    -9.3138e-15
-8.08594    -1.482e-14
-8.02734    -2.35022e-14
-7.96875    -3.71413e-14
-7.91016    -5.84975e-14
-7.85156    -9.18212e-14
-7.79297    -1.43629e-13
-7.73438    -2.2391e-13
-7.67578    -3.47869e-13
-7.61719    -5.38613e-13
-7.55859    -8.31107e-13
-7.5    -1.27806e-12
-7.44141    -1.95868e-12
-7.38281    -2.99149e-12
-7.32422    -4.55331e-12
-7.26562    -6.90684e-12
-7.20703    -1.0441e-11
-7.14844    -1.57296e-11
-7.08984    -2.36159e-11
-7.03125    -3.53344e-11
-6.97266    -5.26866e-11
-6.91406    -7.82906e-11
-6.85547    -1.15938e-10
-6.79688    -1.71098e-10
-6.73828    -2.51634e-10
-6.67969    -3.68805e-10
-6.62109    -5.38674e-10
-6.5625    -7.84073e-10
-6.50391    -1.13733e-09
-6.44531    -1.64405e-09
-6.38672    -2.36832e-09
-6.32812    -3.39987e-09
-6.26953    -4.86384e-09
-6.21094    -6.93411e-09
-6.15234    -9.85133e-09
-6.09375    -1.39473e-08
-6.03516    -1.96779e-08
-5.97656    -2.76665e-08
-5.91797    -3.8763e-08
-5.85938    -5.41214e-08
-5.80078    -7.53017e-08
-5.74219    -1.04406e-07
-5.68359    -1.44254e-07
-5.625    -1.98616e-07
-5.56641    -2.72508e-07
-5.50781    -3.72584e-07
-5.44922    -5.07628e-07
-5.39062    -6.89196e-07
-5.33203    -9.32426e-07
-5.27344    -1.25707e-06
-5.21484    -1.68879e-06
-5.15625    -2.26079e-06
-5.09766    -3.01588e-06
-5.03906    -4.00899e-06
-4.98047    -5.31031e-06
-4.92188    -7.00919e-06
-4.86328    -9.21885e-06
-4.80469    -1.20822e-05
-4.74609    -1.57787e-05
-4.6875    -2.0533e-05
-4.62891    -2.66248e-05
-4.57031    -3.44011e-05
-4.51172    -4.42902e-05
-4.45312    -5.68186e-05
-4.39453    -7.26302e-05
-4.33594    -9.25096e-05
-4.27734    -0.000117408
-4.21875    -0.000148472
-4.16016    -0.000187079
-4.10156    -0.000234876
-4.04297    -0.000293821
-3.98438    -0.000366229
-3.92578    -0.000454828
-3.86719    -0.000562809
-3.80859    -0.000693892
-3.75    -0.000852388
-3.69141    -0.00104326
-3.63281    -0.0012722
-3.57422    -0.00154568
-3.51562    -0.00187104
-3.45703    -0.00225653
-3.39844    -0.00271137
-3.33984    -0.00324581
-3.28125    -0.00387113
-3.22266    -0.00459969
-3.16406    -0.0054449
-3.10547    -0.00642119
-3.04688    -0.00754397
-2.98828    -0.00882952
-2.92969    -0.0102949
-2.87109    -0.0119576
-2.8125    -0.0138356
-2.75391    -0.0159469
-2.69531    -0.0183092
-2.63672    -0.0209396
-2.57812    -0.0238543
-2.51953    -0.0270677
-2.46094    -0.0305924
-2.40234    -0.0344381
-2.34375    -0.0386117
-2.28516    -0.0431159
-2.22656    -0.0479491
-2.16797    -0.0531048
-2.10938    -0.0585707
-2.05078    -0.0643282
-1.99219    -0.0703522
-1.93359    -0.0766105
-1.875    -0.0830634
-1.81641    -0.0896637
-1.75781    -0.0963564
-1.69922    -0.103079
-1.64062    -0.109763
-1.58203    -0.11633
-1.52344    -0.1227
-1.46484    -0.128783
-1.40625    -0.13449
-1.34766    -0.139725
-1.28906    -0.144392
-1.23047    -0.148397
-1.17188    -0.151645
-1.11328    -0.154047
-1.05469    -0.155518
-0.996094    -0.155982
-0.9375    -0.155371
-0.878906    -0.15363
-0.820312    -0.150714
-0.761719    -0.146594
-0.703125    -0.141257
-0.644531    -0.134706
-0.585938    -0.12696
-0.527344    -0.118056
-0.46875    -0.108049
-0.410156    -0.0970119
-0.351562    -0.0850316
-0.292969    -0.0722118
-0.234375    -0.0586699
-0.175781    -0.0445349
-0.117188    -0.0299461
-0.0585938    -0.0150505
0.0    9.33926e-15
0.0585938    0.0150505
0.117188    0.0299461
0.175781    0.0445349
0.234375    0.0586699
0.292969    0.0722118
0.351562    0.0850316
0.410156    0.0970119
0.46875    0.108049
0.527344    0.118056
0.585938    0.12696
0.644531    0.134706
0.703125    0.141257
0.761719    0.146594
0.820312    0.150714
0.878906    0.15363
0.9375    0.155371
0.996094    0.155982
1.05469    0.155518
1.11328    0.154047
1.17188    0.151645
1.23047    0.148397
1.28906    0.144392
1.34766    0.139725
1.40625    0.13449
1.46484    0.128783
1.52344    0.1227
1.58203    0.11633
1.64062    0.109763
1.69922    0.103079
1.75781    0.0963564
1.81641    0.0896637
1.875    0.0830634
1.93359    0.0766105
1.99219    0.0703522
2.05078    0.0643282
2.10938    0.0585707
2.16797    0.0531048
2.22656    0.0479491
2.28516    0.0431159
2.34375    0.0386117
2.40234    0.0344381
2.46094    0.0305924
2.51953    0.0270677
2.57812    0.0238543
2.63672    0.0209396
2.69531    0.0183092
2.75391    0.0159469
2.8125    0.0138356
2.87109    0.0119576
2.92969    0.0102949
2.98828    0.00882952
3.04688    0.00754397
3.10547    0.00642119
3.16406    0.0054449
3.22266    0.00459969
3.28125    0.00387113
3.33984    0.00324581
3.39844    0.00271137
3.45703    0.00225653
3.51562    0.00187104
3.57422    0.00154568
3.63281    0.0012722
3.69141    0.00104326
3.75    0.000852388
3.80859    0.000693892
3.86719    0.000562809
3.92578    0.000454828
3.98438    0.000366229
4.04297    0.000293821
4.10156    0.000234876
4.16016    0.000187079
4.21875    0.000148472
4.27734    0.000117408
4.33594    9.25096e-05
4.39453    7.26302e-05
4.45312    5.68186e-05
4.51172    4.42902e-05
4.57031    3.44011e-05
4.62891    2.66248e-05
4.6875    2.0533e-05
4.74609    1.57787e-05
4.80469    1.20822e-05
4.86328    9.21885e-06
4.92188    7.00919e-06
4.98047    5.31031e-06
5.03906    4.00899e-06
5.09766    3.01588e-06
5.15625    2.26079e-06
5.21484    1.68879e-06
5.27344    1.25707e-06
5.33203    9.32426e-07
5.39062    6.89196e-07
5.44922    5.07628e-07
5.50781    3.72584e-07
5.56641    2.72508e-07
5.625    1.98616e-07
5.68359    1.44254e-07
5.74219    1.04406e-07
5.80078    7.53017e-08
5.85938    5.41214e-08
5.91797    3.8763e-08
5.97656    2.76665e-08
6.03516    1.96779e-08
6.09375    1.39473e-08
6.15234    9.85133e-09
6.21094    6.93411e-09
6.26953    4.86384e-09
6.32812    3.39987e-09
6.38672    2.36832e-09
6.44531    1.64405e-09
6.50391    1.13733e-09
6.5625    7.84073e-10
6.62109    5.38674e-10
6.67969    3.68805e-10
6.73828    2.51634e-10
6.79688    1.71098e-10
6.85547    1.15938e-10
6.91406    7.82906e-11
6.97266    5.26866e-11
7.03125    3.53344e-11
7.08984    2.36159e-11
7.14844    1.57296e-11
7.20703    1.0441e-11
7.26562    6.90682e-12
7.32422    4.5533e-12
7.38281    2.99148e-12
7.44141    1.95867e-12
7.5    1.27806e-12
7.55859    8.31103e-13
7.61719    5.38612e-13
7.67578    3.47869e-13
7.73438    2.23912e-13
7.79297    1.43636e-13
7.85156    9.18234e-14
7.91016    5.85039e-14
7.96875    3.71486e-14
8.02734    2.35055e-14
8.08594    1.48264e-14
8.14453    9.31557e-15
8.20312    5.83694e-15
8.26172    3.64292e-15
8.32031    2.26652e-15
8.37891    1.40321e-15
8.4375    8.66735e-16
8.49609    5.33455e-16
8.55469    3.28597e-16
8.61328    2.03676e-16
8.67188    1.23194e-16
8.73047    7.62211e-17
8.78906    4.41863e-17
8.84766    2.58396e-17
8.90625    1.34678e-17
8.96484    7.53351e-18
9.02344    5.50317e-18
9.08203    2.61733e-18
9.14062    2.28863e-18
9.19922    -3.46606e-18
9.25781    -5.50571e-20
9.31641    8.48727e-19
9.375    2.68509e-18
9.43359    -1.41624e-18
9.49219    -1.07404e-18
9.55078    2.2548e-18
9.60938    1.5416e-18
9.66797    1.70084e-18
9.72656    1.68983e-18
9.78516    9.64771e-19
9.84375    -2.43776e-18
9.90234    -6.2403e-18
9.96094    -5.67173e-18
10.0195    -6.60432e-18
10.0781    -6.23586e-18
10.1367    -6.43914e-18
10.1953    -3.02232e-18
10.2539    -2.27344e-18
10.3125    -3.58295e-18
10.3711    -3.34239e-18
10.4297    -5.83267e-18
10.4883    -3.63483e-18
10.5469    -3.60667e-18
10.6055    -3.93023e-19
10.6641    1.49078e-19
10.7227    -2.3683e-18
10.7812    2.05405e-20
10.8398    3.59142e-19
10.8984    2.82401e-18
10.957    -4.78574e-19
11.0156    -1.4857e-18
11.0742    -8.49786e-19
11.1328    -4.06576e-19
11.1914    -9.74935e-19
11.25    1.02915e-18
11.3086    1.82451e-18
11.3672    1.92298e-18
11.4258    9.82558e-20
11.4844    1.27648e-18
11.543    -1.64833e-18
11.6016    -2.19043e-18
11.6602    -9.51006e-19
11.7188    -6.7932e-19
11.7773    -3.29072e-19
11.8359    -2.4564e-20
11.8945    -1.19601e-18
11.9531    2.09598e-18
12.0117    4.42151e-19
12.0703    3.12555e-18
12.1289    1.5001e-18
12.1875    9.69006e-19
12.2461    -5.67512e-20
12.3047    -2.26666e-18
12.3633    -1.68623e-18
12.4219    -1.73472e-18
12.4805    -8.49151e-19
12.5391    -2.35475e-19
12.5977    -1.92107e-18
12.6562    -1.0571e-18
12.7148    -1.40777e-18
12.7734    -4.80691e-19
12.832    1.91429e-18
12.8906    4.50622e-19
12.9492    1.113e-18
13.0078    -4.76033e-19
13.0664    -1.57929e-18
13.125    -1.03338e-18
13.1836    -1.92245e-18
13.2422    3.38813e-20
13.3008    1.00373e-19
13.3594    -3.83706e-19
13.418    7.21672e-19
13.4766    -9.26654e-19
13.5352    1.58903e-18
13.5938    1.74616e-18
13.6523    9.67312e-19
13.7109    2.18619e-18
13.7695    -1.16891e-19
13.8281    -6.81862e-20
13.8867    3.64224e-19
13.9453    -1.39083e-18
14.0039    -8.34327e-19
14.0625    -2.11843e-18
14.1211    -1.39252e-18
14.1797    -1.36626e-18
14.2383    -1.59136e-18
14.2969    -5.60736e-19
14.3555    -3.48131e-19
14.4141    -1.46621e-18
14.4727    -6.07323e-19
14.5312    -1.07404e-18
14.5898    1.36372e-19
14.6484    1.85077e-18
14.707    1.83637e-18
14.7656    2.00217e-18
14.8242    7.14049e-19
14.8828    5.55865e-20
14.9414    2.28445e-18
15.0    -3.21449e-19
15.0586    4.52316e-19
15.1172    2.78208e-18
15.1758    2.10149e-18
15.2344    2.57244e-18
15.293    3.56093e-18
15.3516    2.20059e-18
15.4102    2.53178e-18
15.4688    1.87448e-18
15.5273    -3.11285e-20
15.5859    -2.43098e-19
15.6445    -2.97203e-19
15.7031    -1.09352e-18
15.7617    -6.55709e-19
15.8203    -1.6839e-18
15.8789    -1.53694e-18
15.9375    3.55754e-20
15.9961    -8.78373e-19
16.0547    -9.97805e-19
16.1133    -9.27501e-20
16.1719    -6.50521e-19
16.2305    -2.87991e-19
16.2891    -5.81912e-19
16.3477    -9.00396e-19
16.4062    4.41304e-19
16.4648    4.20128e-19
16.5234    3.10861e-19
16.582    9.37665e-19
16.6406    2.20652e-19
16.6992    3.04932e-20
16.7578    2.45216e-19
16.8164    -1.66865e-19
16.875    1.82536e-19
16.9336    1.02915e-18
16.9922    -2.09641e-19
17.0508    -5.56501e-19
17.1094    3.04932e-20
17.168    -5.80218e-19
17.2266    2.63004e-19
17.2852    4.67562e-19
17.3438    -7.87317e-19
17.4023    -1.94818e-20
17.4609    4.06576e-20
17.5195    -2.84603e-19
17.5781    4.89162e-19
17.6367    3.06626e-19
17.6953    -5.14149e-19
17.7539    5.42101e-19
17.8125    -5.2516e-20
17.8711    -4.20975e-19
17.9297    1.06726e-19
17.9883    -1.69407e-21
18.0469    -3.55754e-19
18.1055    5.21772e-19
18.1641    5.86147e-19
18.2227    -2.75286e-19
18.2812    3.73542e-19
18.3398    7.02614e-19
18.3984    2.6258e-19
18.457    1.00098e-18
18.5156    1.45266e-18
18.5742    7.78e-19
18.6328    8.92773e-19
18.6914    8.18446e-20
18.75    -8.69056e-19
18.8086    -3.94717e-19
18.8672    -3.53213e-19
18.9258    -9.27078e-19
18.9844    1.01644e-19
19.043    3.98105e-19
19.1016    -4.6248e-19
19.1602    9.31736e-20
19.2188    5.92923e-19
19.2773    -5.92076e-19
19.3359    -4.4501e-19
19.3945    2.09217e-19
19.4531    -8.34222e-19
19.5117    -9.46983e-19
19.5703    2.22346e-19
19.6289    -4.57398e-20
19.6875    -5.2516e-19
19.7461    3.56177e-19
19.8047    8.47033e-21
19.8633    -4.14199e-19
19.9219    4.71797e-19
19.9805    2.74841e-19
20.0391    -2.88838e-19
20.0977    2.38016e-19
20.1562    5.11608e-19
20.2148    -4.01494e-19
20.2734    -9.74088e-20
20.332    6.05629e-19
20.3906    -2.61098e-19
20.4492    -8.81761e-19
20.5078    1.79783e-19
20.5664    4.70103e-19
20.625    -2.35899e-19
20.6836    3.2399e-19
20.7422    4.98902e-19
20.8008    2.27005e-19
20.8594    5.65818e-19
20.918    6.28075e-19
20.9766    -3.74389e-19
21.0352    -7.07273e-19
21.0938    -1.42725e-19
21.1523    -3.3966e-19
21.2109    -5.00769e-19
21.2695    2.68509e-19
21.3281    5.20502e-19
21.3867    2.03288e-20
21.4453    2.84603e-19
21.5039    1.10125e-18
21.5625    4.79421e-19
21.6211    -1.21973e-19
21.6797    4.78574e-19
21.7383    3.14249e-19
21.7969    -2.25734e-19
21.8555    9.23266e-20
21.9141    4.93397e-19
21.9727    -3.13402e-20
22.0312    -2.26158e-19
22.0898    3.44425e-19
22.1484    4.30293e-19
22.207    7.6233e-21
22.2656    3.4686e-19
22.3242    3.79471e-19
22.3828    -1.89226e-19
22.4414    -2.10911e-19
22.5    3.09167e-19
22.5586    1.12232e-19
22.6172    -3.53213e-19
22.6758    7.32683e-20
22.7344    3.91329e-19
22.793    -1.33831e-19
22.8516    -1.92435e-19
22.9102    5.18384e-19
22.9688    5.62006e-19
23.0273    -4.40457e-20
23.0859    1.07573e-19
23.1445    6.39086e-19
23.2031    1.3849e-19
23.2617    -1.12655e-19
23.3203    3.40719e-19
23.3789    3.9387e-19
23.4375    -4.20128e-19
23.4961    -5.19072e-19
23.5547    3.23567e-19
23.6133    3.59142e-19
23.6719    -6.18758e-19
23.7305    -5.5396e-19
23.7891    1.82536e-19
23.8477    1.83806e-19
23.9062    -4.92973e-19
23.9648    -4.57398e-20
24.0234    5.06949e-19
24.082    1.24514e-19
24.1406    -2.61733e-19
24.1992    6.64921e-20
24.2578    2.25311e-19
24.3164    -4.14623e-19
24.375    -5.98852e-19
24.4336    1.41455e-19
24.4922    6.54756e-19
24.5508    -4.78574e-20
24.6094    -6.4798e-19
24.668    1.03338e-19
24.7266    6.7085e-19
24.7852    1.15196e-19
24.8438    -4.33681e-19
24.9023    8.9362e-20
24.9609    4.65868e-19
25.0195    -9.99499e-20
25.0781    -6.36863e-19
25.1367    -1.80842e-19
25.1953    2.04135e-19
25.2539    -2.20652e-19
25.3125    -5.01867e-19
25.3711    -6.77626e-21
25.4297    4.06576e-19
25.4883    2.84815e-20
25.5469    -5.04832e-19
25.6055    -9.57147e-20
25.6641    4.50622e-19
25.7227    1.0842e-19
25.7812    -4.81115e-19
25.8398    -2.87991e-19
25.8984    3.32249e-19
25.957    2.57498e-19
26.0156    -4.55704e-19
26.0742    -5.48454e-19
26.1328    -6.98802e-20
26.1914    6.60686e-20
26.25    -3.15943e-19
26.3086    -4.63751e-19
26.3672    5.80218e-20
26.4258    3.36272e-19
26.4844    -1.58395e-19
26.543    -6.36228e-19
26.6016    -2.78674e-19
26.6602    2.80368e-19
26.7188    2.77827e-19
26.7773    -3.56813e-19
26.8359    -5.53536e-19
26.8945    -1.27055e-20
26.9531    3.66765e-19
27.0117    2.18958e-19
27.0703    -1.0482e-19
27.1289    2.4564e-20
27.1875    3.854e-19
27.2461    2.72745e-19
27.3047    -1.29199e-19
27.3633    -3.02814e-19
27.4219    9.48677e-20
27.4805    3.37966e-19
27.5391    1.01644e-19
27.5977    -3.29072e-19
27.6562    -2.17687e-19
27.7148    2.30393e-19
27.7734    4.4808e-19
27.832    9.44442e-20
27.8906    -3.22402e-19
27.9492    -1.6263e-19
28.0078    1.81265e-19
28.0664    3.55754e-19
28.125    8.47033e-22
28.1836    -1.98417e-19
28.2422    -5.67512e-20
28.3008    2.13452e-19
28.3594    1.42302e-19
28.418    -1.855e-19
28.4766    -2.42251e-19
28.5352    1.92276e-19
28.5938    5.44854e-19
28.6523    4.58245e-19
28.7109    -1.80418e-19
28.7695    -5.3956e-19
28.8281    -3.04932e-19
28.8867    2.72745e-19
28.9453    4.40457e-19
29.0039    7.43271e-20
29.0625    -4.31987e-19
29.1211    -4.07423e-19
29.1797    1.77877e-20
29.2383    4.27752e-19
29.2969    2.01594e-19
29.3555    -3.43895e-19
29.4141    -5.50571e-19
29.4727    -1.43996e-19
29.5312    4.05729e-19
29.5898    5.46336e-19
29.6484    6.94567e-20
29.707    -5.11184e-19
29.7656    -6.0224e-19
29.8242    -1.58395e-19
29.8828    4.11234e-19
29.9414    4.51363e-19

-30.0    -9.52912e-21
-29.9414    -6.7895e-21
-29.8828    8.94679e-21
-29.8242    1.94288e-20
-29.7656    5.45277e-21
-29.707    -1.26526e-20
-29.6484    -2.21817e-20
-29.5898    -1.63583e-20
-29.5312    4.02341e-21
-29.4727    2.12817e-20
-29.4141    1.78936e-20
-29.3555    1.58819e-21
-29.2969    -1.24937e-20
-29.2383    -9.21148e-21
-29.1797    2.59404e-21
-29.1211    3.09696e-21
-29.0625    3.24255e-21
-29.0039    -4.26163e-21
-28.9453    -5.29396e-23
-28.8867    1.34466e-20
-28.8281    1.58819e-20
-28.7695    -2.59404e-21
-28.7109    -1.11702e-20
-28.6523    -1.06938e-20
-28.5938    6.65715e-21
-28.5352    1.49819e-20
-28.4766    6.45863e-21
-28.418    -4.2881e-21
-28.3594    -8.36445e-21
-28.3008    1.69407e-21
-28.2422    9.68132e-21
-28.1836    4.23516e-21
-28.125    -9.68794e-21
-28.0664    -6.93508e-21
-28.0078    2.43522e-21
-27.9492    1.58289e-20
-27.8906    8.58944e-21
-27.832    -1.21761e-21
-27.7734    -8.84091e-21
-27.7148    -2.38228e-21
-27.6562    -4.65868e-21
-27.5977    -1.03232e-20
-27.5391    -7.99387e-21
-27.4805    7.88799e-21
-27.4219    2.4564e-20
-27.3633    1.35525e-20
-27.3047    -8.20563e-22
-27.2461    -2.43522e-21
-27.1875    2.22876e-20
-27.1289    2.67345e-20
-27.0703    8.00711e-21
-27.0117    -1.63583e-20
-26.9531    -1.21232e-20
-26.8945    6.35275e-21
-26.8359    1.72318e-20
-26.7773    -6.08805e-21
-26.7188    -1.83171e-20
-26.6602    -3.17637e-22
-26.6016    1.82112e-20
-26.543    1.94288e-20
-26.4844    -5.0822e-21
-26.4258    -8.41739e-21
-26.3672    7.44132e-21
-26.3086    1.15408e-20
-26.25    -8.09975e-21
-26.1914    -6.88214e-21
-26.1328    3.97047e-21
-26.0742    5.39984e-21
-26.0156    -7.14684e-21
-25.957    -9.95264e-21
-25.8984    1.38437e-20
-25.8398    3.18696e-20
-25.7812    7.83505e-21
-25.7227    -1.68083e-20
-25.6641    2.06464e-21
-25.6055    2.16523e-20
-25.5469    2.03023e-20
-25.4883    -3.75871e-21
-25.4297    -1.50348e-20
-25.3711    -8.47033e-22
-25.3125    -8.97326e-21
-25.2539    -3.20284e-20
-25.1953    -2.20229e-20
-25.1367    -1.61466e-21
-25.0781    4.60574e-21
-25.0195    -1.88465e-20
-24.9609    -1.10114e-20
-24.9023    -7.67624e-22
-24.8438    -8.62915e-21
-24.7852    -2.04876e-20
-24.7266    2.14405e-21
-24.668    1.03762e-20
-24.6094    -1.05879e-21
-24.5508    -2.5186e-20
-24.4922    -4.04988e-20
-24.4336    -2.55169e-20
-24.375    -1.2229e-20
-24.3164    -5.24102e-21
-24.2578    -3.54695e-21
-24.1992    -1.41613e-20
-24.1406    -1.34466e-20
-24.082    -6.40569e-21
-24.0234    1.56039e-20
-23.9648    1.60407e-20
-23.9062    -8.47033e-21
-23.8477    -7.55712e-21
-23.7891    2.11229e-20
-23.7305    2.50404e-20
-23.6719    -1.14614e-20
-23.6133    -2.96462e-20
-23.5547    -1.37378e-20
-23.4961    -4.65868e-21
-23.4375    -2.05405e-20
-23.3789    -8.20563e-21
-23.3203    8.09975e-21
-23.2617    1.58819e-21
-23.2031    -5.41969e-21
-23.1445    2.65227e-20
-23.0859    4.89691e-20
-23.0273    2.11096e-20
-22.9688    1.82112e-20
-22.9102    6.03776e-20
-22.8516    3.79841e-20
-22.793    8.94679e-21
-22.7344    1.25731e-20
-22.6758    2.52522e-20
-22.6172    4.44692e-21
-22.5586    -3.34843e-21
-22.5    1.68348e-20
-22.4414    1.94023e-20
-22.3828    -1.32878e-20
-22.3242    -1.89524e-20
-22.2656    2.49048e-20
-22.207    3.45166e-20
-22.1484    1.87935e-20
-22.0898    2.16787e-20
-22.0312    3.37754e-20
-21.9727    2.54772e-22
-21.9141    -1.19114e-20
-21.8555    7.83505e-21
-21.7969    -1.98523e-20
-21.7383    -5.37337e-20
-21.6797    -3.49467e-20
-21.6211    -2.11229e-20
-21.5625    -2.1017e-20
-21.5039    -1.58819e-20
-21.4453    1.837e-20
-21.3867    3.58103e-20
-21.3281    2.33993e-20
-21.2695    3.33519e-20
-21.2109    3.77459e-20
-21.1523    -4.02341e-21
-21.0938    -2.53845e-20
-21.0352    -3.764e-20
-20.9766    2.87197e-21
-20.918    1.39231e-20
-20.8594    2.69992e-21
-20.8008    1.19908e-20
-20.7422    6.88214e-21
-20.6836    2.43919e-20
-20.625    1.00056e-20
-20.5664    1.09585e-20
-20.5078    3.43578e-20
-20.4492    2.64168e-20
-20.3906    6.35275e-22
-20.332    -5.55865e-21
-20.2734    1.03232e-20
-20.2148    -2.1017e-20
-20.1562    3.18233e-20
-20.0977    4.13987e-20
-20.0391    2.94079e-20
-19.9805    2.35052e-20
-19.9219    3.07049e-20
-19.8633    -4.52633e-21
-19.8047    -1.29173e-20
-19.7461    7.76888e-21
-19.6875    -3.29813e-20
-19.6289    -4.00752e-20
-19.5703    1.36584e-20
-19.5117    4.02605e-20
-19.4531    1.23349e-20
-19.3945    4.07635e-20
-19.3359    4.94985e-20
-19.2773    -4.92338e-21
-19.2188    3.30872e-20
-19.1602    8.49151e-20
-19.1016    3.55754e-20
-19.043    6.01393e-20
-18.9844    1.34103e-20
-18.9258    1.69407e-21
-18.8672    9.79382e-21
-18.8086    8.75091e-20
-18.75    3.71106e-20
-18.6914    5.98746e-20
-18.6328    7.1786e-20
-18.5742    3.94929e-20
-18.5156    4.60045e-20
-18.457    5.82865e-20
-18.3984    1.69407e-21
-18.3398    -6.98802e-21
-18.2812    8.15269e-21
-18.2227    1.29967e-20
-18.1641    5.55865e-21
-18.1055    3.61842e-20
-18.0469    2.07523e-20
-17.9883    -9.18501e-21
-17.9297    3.22931e-21
-17.8711    -1.14746e-20
-17.8125    -3.34049e-20
-17.7539    -6.902e-21
-17.6953    1.85288e-21
-17.6367    4.98294e-21
-17.5781    5.66453e-21
-17.5195    -3.092e-20
-17.4609    -3.40931e-20
-17.4023    1.51184e-20
-17.3438    -2.46698e-20
-17.2852    -3.11217e-20
-17.2266    7.46448e-21
-17.168    -3.36331e-20
-17.1094    1.14879e-20
-17.0508    5.50092e-20
-16.9922    -1.39231e-20
-16.9336    2.67014e-21
-16.875    6.98802e-21
-16.8164    -3.06322e-20
-16.7578    1.58819e-21
-16.6992    5.6513e-20
-16.6406    1.00585e-20
-16.582    3.1102e-21
-16.5234    -3.34578e-20
-16.4648    -5.74394e-21
-16.4062    2.31875e-20
-16.3477    -2.8005e-20
-16.2891    -1.25467e-20
-16.2305    4.99485e-20
-16.1719    4.63221e-20
-16.1133    -2.85874e-21
-16.0547    -2.59933e-20
-15.9961    -5.59042e-20
-15.9375    -1.43466e-20
-15.8789    -2.00641e-20
-15.8203    2.13346e-20
-15.7617    2.35581e-20
-15.7031    1.95876e-20
-15.6445    4.40987e-20
-15.5859    -3.7693e-20
-15.5273    -6.49039e-20
-15.4688    -4.72254e-20
-15.4102    -3.22931e-20
-15.3516    -1.10723e-19
-15.293    -4.02341e-20
-15.2344    -9.35442e-20
-15.1758    -3.00697e-20
-15.1172    1.96406e-20
-15.0586    2.2817e-20
-15.0    -1.55007e-19
-14.9414    -6.3051e-20
-14.8828    -2.017e-20
-14.8242    -4.06841e-20
-14.7656    -6.19393e-20
-14.707    -1.15838e-19
-14.6484    -7.12566e-20
-14.5898    -1.33196e-19
-14.5312    -1.64377e-19
-14.4727    -1.54478e-19
-14.4141    -1.08103e-19
-14.3555    -2.7158e-20
-14.2969    1.31608e-19
-14.2383    4.19281e-20
-14.1797    8.1924e-20
-14.1211    2.93285e-20
-14.0625    3.56515e-20
-14.0039    1.67183e-19
-13.9453    1.22237e-19
-13.8867    1.08738e-19
-13.8281    1.14349e-19
-13.7695    -1.14508e-19
-13.7109    -5.29396e-21
-13.6523    -6.35539e-20
-13.5938    -1.12338e-19
-13.5352    -5.75453e-20
-13.4766    -6.7445e-20
-13.418    -6.67038e-20
-13.3594    -1.15514e-19
-13.3008    -5.35748e-20
-13.2422    1.04026e-20
-13.1836    1.34572e-19
-13.125    7.08279e-20
-13.0664    -1.68348e-20
-13.0078    -8.28239e-20
-12.9492    -1.43996e-20
-12.8906    9.8997e-21
-12.832    5.39454e-20
-12.7734    8.71385e-20
-12.7148    9.34272e-20
-12.6562    1.3489e-19
-12.5977    2.17158e-19
-12.5391    1.06938e-19
-12.4805    1.30814e-19
-12.4219    3.72694e-20
-12.3633    -1.29067e-19
-12.3047    -9.66412e-20
-12.2461    -1.65701e-19
-12.1875    -2.39552e-19
-12.1289    -2.90003e-19
-12.0703    -2.88309e-19
-12.0117    -1.78142e-19
-11.9531    -1.20067e-19
-11.8945    -2.05538e-19
-11.8359    -1.56383e-19
-11.7773    -1.31608e-19
-11.7188    4.25369e-20
-11.6602    -6.56451e-21
-11.6016    8.63444e-20
-11.543    3.92812e-20
-11.4844    -2.44051e-20
-11.4258    3.12343e-21
-11.3672    -8.25857e-20
-11.3086    -5.30587e-20
-11.25    1.35525e-20
-11.1914    9.32795e-20
-11.1328    -1.61995e-20
-11.0742    1.07256e-19
-11.0156    1.62653e-19
-10.957    1.19643e-19
-10.8984    1.32031e-19
-10.8398    3.18696e-20
-10.7812    1.13291e-19
-10.7227    1.05244e-19
-10.6641    1.77242e-19
-10.6055    3.53689e-19
-10.5469    3.69095e-19
-10.4883    4.97632e-19
-10.4297    2.47638e-19
-10.3711    1.24408e-19
-10.3125    -9.52912e-21
-10.2539    -1.70942e-19
-10.1953    -9.85735e-20
-10.1367    -2.8054e-19
-10.0781    -2.00535e-19
-10.0195    -1.45584e-19
-9.96094    -2.79627e-19
-9.90234    -1.3849e-19
-9.84375    -3.30025e-19
-9.78516    -4.45539e-19
-9.72656    -7.07908e-19
-9.66797    -5.28866e-19
-9.60938    -4.89373e-19
-9.55078    -6.68574e-19
-9.49219    -8.9669e-19
-9.43359    -1.33863e-18
-9.375    -2.21694e-18
-9.31641    -3.91806e-18
-9.25781    -6.55773e-18
-9.19922    -1.10182e-17
-9.14062    -1.85929e-17
-9.08203    -3.11044e-17
-9.02344    -5.17509e-17
-8.96484    -8.59189e-17
-8.90625    -1.42479e-16
-8.84766    -2.35159e-16
-8.78906    -3.87112e-16
-8.73047    -6.35119e-16
-8.67188    -1.03877e-15
-8.61328    -1.69263e-15
-8.55469    -2.74859e-15
-8.49609    -4.44787e-15
-8.4375    -7.17349e-15
-8.37891    -1.15298e-14
-8.32031    -1.8467e-14
-8.26172    -2.94771e-14
-8.20312    -4.68884e-14
-8.14453    -7.43279e-14
-8.08594    -1.1742e-13
-8.02734    -1.84854e-13
-7.96875    -2.90013e-13
-7.91016    -4.53423e-13
-7.85156    -7.06458e-13
-7.79297    -1.09689e-12
-7.73438    -1.69721e-12
-7.67578    -2.61698e-12
-7.61719    -4.02121e-12
-7.55859    -6.15748e-12
-7.5    -9.39589e-12
-7.44141    -1.42876e-11
-7.38281    -2.16505e-11
-7.32422    -3.26934e-11
-7.26562    -4.91966e-11
-7.20703    -7.37721e-11
-7.14844    -1.10237e-10
-7.08984    -1.64151e-10
-7.03125    -2.43577e-10
-6.97266    -3.60167e-10
-6.91406    -5.30696e-10
-6.85547    -7.79219e-10
-6.79688    -1.1401e-09
-6.73828    -1.66225e-09
-6.67969    -2.41501e-09
-6.62109    -3.49627e-09
-6.5625    -5.04376e-09
-6.50391    -7.25048e-09
-6.44531    -1.03858e-08
-6.38672    -1.48241e-08
-6.32812    -2.10842e-08
-6.26953    -2.98812e-08
-6.21094    -4.21981e-08
-6.15234    -5.93796e-08
-6.09375    -8.3259e-08
-6.03516    -1.16324e-07
-5.97656    -1.6194e-07
-5.91797    -2.24637e-07
-5.85938    -3.1049e-07
-5.80078    -4.27614e-07
-5.74219    -5.86802e-07
-5.68359    -8.02349e-07
-5.625    -1.09312e-06
-5.56641    -1.48387e-06
-5.50781    -2.00702e-06
-5.44922    -2.70477e-06
-5.39062    -3.63186e-06
-5.33203    -4.85896e-06
-5.27344    -6.47699e-06
-5.21484    -8.60228e-06
-5.15625    -1.13831e-05
-5.09766    -1.50077e-05
-5.03906    -1.97138e-05
-4.98047    -2.58002e-05
-4.92188    -3.36412e-05
-4.86328    -4.37029e-05
-4.80469    -5.65636e-05
-4.74609    -7.29368e-05
-4.6875    -9.36992e-05
-4.62891    -0.000119923
-4.57031    -0.00015291
-4.51172    -0.00019424
-4.45312    -0.000245812
-4.39453    -0.000309902
-4.33594    -0.000389222
-4.27734    -0.000486987
-4.21875    -0.000606987
-4.16016    -0.000753662
-4.10156    -0.000932188
-4.04297    -0.00114856
-3.98438    -0.00140968
-3.92578    -0.00172345
-3.86719    -0.00209885
-3.80859    -0.002546
-3.75    -0.00307625
-3.69141    -0.00370226
-3.63281    -0.00443794
-3.57422    -0.00529857
-3.51562    -0.00630068
-3.45703    -0.00746206
-3.39844    -0.00880158
-3.33984    -0.0103391
-3.28125    -0.0120952
-3.22266    -0.0140908
-3.16406    -0.0163472
-3.10547    -0.0188849
-3.04688    -0.0217239
-2.98828    -0.0248826
-2.92969    -0.0283773
-2.87109    -0.0322213
-2.8125    -0.0364244
-2.75391    -0.0409917
-2.69531    -0.0459231
-2.63672    -0.051212
-2.57812    -0.0568447
-2.51953    -0.0627993
-2.46094    -0.0690451
-2.40234    -0.075542
-2.34375    -0.0822396
-2.28516    -0.0890772
-2.22656    -0.0959836
-2.16797    -0.102877
-2.10938    -0.109665
-2.05078    -0.116247
-1.99219    -0.122514
-1.93359    -0.128347
-1.875    -0.133626
-1.81641    -0.138226
-1.75781    -0.14202
-1.69922    -0.144883
-1.64062    -0.146698
-1.58203    -0.147351
-1.52344    -0.146742
-1.46484    -0.144785
-1.40625    -0.14141
-1.34766    -0.13657
-1.28906    -0.130238
-1.23047    -0.122414
-1.17188    -0.113127
-1.11328    -0.102432
-1.05469    -0.0904153
-0.996094    -0.077193
-0.9375    -0.0629093
-0.878906    -0.0477361
-0.820312    -0.0318705
-0.761719    -0.0155317
-0.703125    0.00104257
-0.644531    0.0176007
-0.585938    0.033882
-0.527344    0.049622
-0.46875    0.064558
-0.410156    0.078435
-0.351562    0.0910118
-0.292969    0.102066
-0.234375    0.111399
-0.175781    0.118841
-0.117188    0.124258
-0.0585938    0.127548
0.0    0.128652
0.0585938    0.127548
0.117188    0.124258
0.175781    0.118841
0.234375    0.111399
0.292969    0.102066
0.351562    0.0910118
0.410156    0.078435
0.46875    0.064558
0.527344    0.049622
0.585938    0.033882
0.644531    0.0176007
0.703125    0.00104257
0.761719    -0.0155317
0.820312    -0.0318705
0.878906    -0.0477361
0.9375    -0.0629093
0.996094    -0.077193
1.05469    -0.0904153
1.11328    -0.102432
1.17188    -0.113127
1.23047    -0.122414
1.28906    -0.130238
1.34766    -0.13657
1.40625    -0.14141
1.46484    -0.144785
1.52344    -0.146742
1.58203    -0.147351
1.64062    -0.146698
1.69922    -0.144883
1.75781    -0.14202
1.81641    -0.138226
1.875    -0.133626
1.93359    -0.128347
1.99219    -0.122514
2.05078    -0.116247
2.10938    -0.109665
2.16797    -0.102877
2.22656    -0.0959836
2.28516    -0.0890772
2.34375    -0.0822396
2.40234    -0.075542
2.46094    -0.0690451
2.51953    -0.0627993
2.57812    -0.0568447
2.63672    -0.051212
2.69531    -0.0459231
2.75391    -0.0409917
2.8125    -0.0364244
2.87109    -0.0322213
2.92969    -0.0283773
2.98828    -0.0248826
3.04688    -0.0217239
3.10547    -0.0188849
3.16406    -0.0163472
3.22266    -0.0140908
3.28125    -0.0120952
3.33984    -0.0103391
3.39844    -0.00880158
3.45703    -0.00746206
3.51562    -0.00630068
3.57422    -0.00529857
3.63281    -0.00443794
3.69141    -0.00370226
3.75    -0.00307625
3.80859    -0.002546
3.86719    -0.00209885
3.92578    -0.00172345
3.98438    -0.00140968
4.04297    -0.00114856
4.10156    -0.000932188
4.16016    -0.000753662
4.21875    -0.000606987
4.27734    -0.000486987
4.33594    -0.000389222
4.39453    -0.000309902
4.45312    -0.000245812
4.51172    -0.00019424
4.57031    -0.00015291
4.62891    -0.000119923
4.6875    -9.36992e-05
4.74609    -7.29368e-05
4.80469    -5.65636e-05
4.86328    -4.37029e-05
4.92188    -3.36412e-05
4.98047    -2.58002e-05
5.03906    -1.97138e-05
5.09766    -1.50077e-05
5.15625    -1.13831e-05
5.21484    -8.60228e-06
5.27344    -6.47699e-06
5.33203    -4.85896e-06
5.39062    -3.63186e-06
5.44922    -2.70477e-06
5.50781    -2.00702e-06
5.56641    -1.48387e-06
5.625    -1.09312e-06
5.68359    -8.02349e-07
5.74219    -5.86802e-07
5.80078    -4.27614e-07
5.85938    -3.1049e-07
5.91797    -2.24637e-07
5.97656    -1.6194e-07
6.03516    -1.16324e-07
6.09375    -8.3259e-08
6.15234    -5.93796e-08
6.21094    -4.21981e-08
6.26953    -2.98812e-08
6.32812    -2.10842e-08
6.38672    -1.48241e-08
6.44531    -1.03858e-08
6.50391    -7.25048e-09
6.5625    -5.04376e-09
6.62109    -3.49627e-09
6.67969    -2.41501e-09
6.73828    -1.66225e-09
6.79688    -1.1401e-09
6.85547    -7.79219e-10
6.91406    -5.30696e-10
6.97266    -3.60167e-10
7.03125    -2.43577e-10
7.08984    -1.64151e-10
7.14844    -1.10237e-10
7.20703    -7.37721e-11
7.26562    -4.91966e-11
7.32422    -3.26934e-11
7.38281    -2.16505e-11
7.44141    -1.42876e-11
7.5    -9.39589e-12
7.55859    -6.15748e-12
7.61719    -4.02121e-12
7.67578    -2.61698e-12
7.73438    -1.69721e-12
7.79297    -1.09689e-12
7.85156    -7.06458e-13
7.91016    -4.53423e-13
7.96875    -2.90013e-13
8.02734    -1.84855e-13
8.08594    -1.1742e-13
8.14453    -7.43283e-14
8.20312    -4.68885e-14
8.26172    -2.9477e-14
8.32031    -1.84674e-14
8.37891    -1.15302e-14
8.4375    -7.17416e-15
8.49609    -4.4485e-15
8.55469    -2.74883e-15
8.61328    -1.69262e-15
8.67188    -1.03887e-15
8.73047    -6.35295e-16
8.78906    -3.87368e-16
8.84766    -2.35367e-16
8.90625    -1.42624e-16
8.96484    -8.60827e-17
9.02344    -5.16734e-17
9.08203    -3.10119e-17
9.14062    -1.84716e-17
9.19922    -1.135e-17
9.25781    -6.58473e-18
9.31641    -3.83563e-18
9.375    -2.09747e-18
9.43359    -1.45076e-18
9.49219    -8.76044e-19
9.55078    -3.02073e-19
9.60938    -1.68268e-19
9.66797    -5.05043e-20
9.72656    1.97994e-20
9.78516    9.21148e-21
9.84375    -2.22558e-19
9.90234    -4.92268e-19
9.96094    -4.51892e-19
10.0195    -5.23731e-19
10.0781    -4.90061e-19
10.1367    -5.00491e-19
10.1953    -2.42298e-19
10.2539    -1.74383e-19
10.3125    -2.66657e-19
10.3711    -2.57339e-19
10.4297    -4.34846e-19
10.4883    -2.80963e-19
10.5469    -2.79203e-19
10.6055    -3.92282e-20
10.6641    1.12761e-20
10.7227    -1.64007e-19
10.7812    1.40422e-20
10.8398    3.94929e-20
10.8984    2.21076e-19
10.957    -2.99109e-20
11.0156    -1.03867e-19
11.0742    -6.53671e-20
11.1328    -3.01755e-20
11.1914    -7.48036e-20
11.25    7.30566e-20
11.3086    1.23032e-19
11.3672    1.22916e-19
11.4258    -3.17637e-21
11.4844    8.7562e-20
11.543    -1.27743e-19
11.6016    -1.67713e-19
11.6602    -7.46315e-20
11.7188    -5.66453e-20
11.7773    -3.14461e-20
11.8359    -8.78797e-21
11.8945    -8.96796e-20
11.9531    1.56516e-19
12.0117    3.72694e-20
12.0703    2.402e-19
12.1289    1.12126e-19
12.1875    7.02508e-20
12.2461    -6.93508e-21
12.3047    -1.70148e-19
12.3633    -1.18293e-19
12.4219    -1.25043e-19
12.4805    -5.99805e-20
12.5391    -1.21232e-20
12.5977    -1.33567e-19
12.6562    -7.3533e-20
12.7148    -9.19031e-20
12.7734    -2.23637e-20
12.832    1.57866e-19
12.8906    4.26163e-20
12.9492    8.34857e-20
13.0078    -3.43048e-20
13.0664    -1.19167e-19
13.125    -8.2374e-20
13.1836    -1.3581e-19
13.2422    4.5528e-21
13.3008    6.96155e-21
13.3594    -2.95932e-20
13.418    5.36278e-20
13.4766    -6.98273e-20
13.5352    1.1869e-19
13.5938    1.34493e-19
13.6523    7.72918e-20
13.7109    1.68414e-19
13.7695    -2.75286e-21
13.8281    -4.23516e-22
13.8867    2.92756e-20
13.9453    -1.02067e-19
14.0039    -6.06687e-20
14.0625    -1.58819e-19
14.1211    -1.04635e-19
14.1797    -9.70912e-20
14.2383    -1.19604e-19
14.2969    -4.29869e-20
14.3555    -2.57816e-20
14.4141    -1.08208e-19
14.4727    -4.64809e-20
14.5312    -7.89329e-20
14.5898    1.59348e-20
14.6484    1.42196e-19
14.707    1.35049e-19
14.7656    1.42844e-19
14.8242    4.2034e-20
14.8828    -1.98523e-21
14.9414    1.66336e-19
15.0    -2.87727e-20
15.0586    2.64168e-20
15.1172    1.93335e-19
15.1758    1.45848e-19
15.2344    1.82853e-19
15.293    2.55116e-19
15.3516    1.57654e-19
15.4102    1.82403e-19
15.4688    1.37061e-19
15.5273    -6.35275e-21
15.5859    -1.95347e-20
15.6445    -2.04413e-20
15.7031    -7.63388e-20
15.7617    -4.14715e-20
15.8203    -1.18002e-19
15.8789    -1.03709e-19
15.9375    8.04681e-21
15.9961    -6.02452e-20
16.0547    -7.19978e-20
16.1133    -7.41154e-21
16.1719    -4.66927e-20
16.2305    -2.22876e-20
16.2891    -4.37281e-20
16.3477    -6.60686e-20
16.4062    2.75815e-20
16.4648    2.30287e-20
16.5234    1.50878e-20
16.582    6.22569e-20
16.6406    8.47033e-21
16.6992    -6.98802e-21
16.7578    7.14684e-21
16.8164    -2.10699e-20
16.875    5.3469e-21
16.9336    6.87155e-20
16.9922    -1.78671e-20
17.0508    -4.36222e-20
17.1094    2.85874e-21
17.168    -3.9387e-20
17.2266    1.79995e-20
17.2852    3.61577e-20
17.3438    -5.95305e-20
17.4023    -4.39398e-21
17.4609    1.29702e-21
17.5195    -2.3611e-20
17.5781    3.62107e-20
17.6367    2.3611e-20
17.6953    -3.82224e-20
17.7539    3.87518e-20
17.8125    -3.01755e-21
17.8711    -2.77933e-20
17.9297    9.68794e-21
17.9883    4.18223e-21
18.0469    -2.17052e-20
18.1055    4.47339e-20
18.1641    4.89162e-20
18.2227    -1.83171e-20
18.2812    2.92756e-20
18.3398    5.17749e-20
18.3984    2.11229e-20
18.457    7.43668e-20
18.5156    1.04026e-19
18.5742    5.65014e-20
18.6328    5.98746e-20
18.6914    4.22193e-21
18.75    -6.73921e-20
18.8086    -3.30872e-20
18.8672    -2.72109e-20
18.9258    -7.08067e-20
18.9844    6.51157e-21
19.043    2.85874e-20
19.1016    -3.48342e-20
19.1602    6.8292e-21
19.2188    4.30399e-20
19.2773    -4.40987e-20
19.3359    -3.16843e-20
19.3945    1.90582e-20
19.4531    -5.9107e-20
19.5117    -6.80803e-20
19.5703    1.83436e-20
19.6289    -5.29396e-23
19.6875    -3.75871e-20
19.7461    2.68933e-20
19.8047    -3.49401e-21
19.8633    -3.7243e-20
19.9219    2.83756e-20
19.9805    1.59512e-20
20.0391    -2.22346e-20
20.0977    1.7073e-20
20.1562    3.98105e-20
20.2148    -2.83756e-20
20.2734    -6.35275e-21
20.332    4.56868e-20
20.3906    -1.42143e-20
20.4492    -6.13569e-20
20.5078    1.52466e-20
20.5664    3.54166e-20
20.625    -1.62524e-20
20.6836    2.39287e-20
20.7422    3.66342e-20
20.8008    1.57628e-20
20.8594    3.82753e-20
20.918    4.43898e-20
20.9766    -3.00697e-20
21.0352    -5.47395e-20
21.0938    -1.25202e-20
21.1523    -2.75815e-20
21.2109    -3.81833e-20
21.2695    1.98523e-20
21.3281    3.56019e-20
21.3867    2.11758e-21
21.4453    2.23405e-20
21.5039    8.08519e-20
21.5625    3.38284e-20
21.6211    -1.2679e-20
21.6797    2.88521e-20
21.7383    1.95876e-20
21.7969    -1.82112e-20
21.8555    6.51157e-21
21.9141    3.69783e-20
21.9727    -2.22346e-21
22.0312    -1.76818e-20
22.0898    2.47095e-20
22.1484    2.81638e-20
22.207    -1.87935e-21
22.2656    2.33993e-20
22.3242    2.81109e-20
22.3828    -1.29512e-20
22.4414    -1.40819e-20
22.5    2.31346e-20
22.5586    7.91446e-21
22.6172    -2.77403e-20
22.6758    3.97047e-21
22.7344    2.85874e-20
22.793    -9.95264e-21
22.8516    -1.5101e-20
22.9102    3.64754e-20
22.9688    4.03399e-20
23.0273    -2.99109e-21
23.0859    8.15269e-21
23.1445    4.66927e-20
23.2031    8.68209e-21
23.2617    -9.3703e-21
23.3203    2.37632e-20
23.3789    2.88521e-20
23.4375    -3.12873e-20
23.4961    -3.88312e-20
23.5547    2.5358e-20
23.6133    2.74756e-20
23.6719    -4.36222e-20
23.7305    -3.89106e-20
23.7891    1.42937e-20
23.8477    1.41084e-20
23.9062    -3.62107e-20
23.9648    -3.70577e-21
24.0234    3.59724e-20
24.082    8.36445e-21
24.1406    -2.02759e-20
24.1992    3.89106e-21
24.2578    1.74701e-20
24.3164    -3.09961e-20
24.375    -4.42575e-20
24.4336    1.04291e-20
24.4922    4.74603e-20
24.5508    -5.50571e-21
24.6094    -4.96044e-20
24.668    6.08805e-21
24.7266    4.84926e-20
24.7852    8.41739e-21
24.8438    -2.87462e-20
24.9023    8.78135e-21
24.9609    3.5893e-20
25.0195    -5.82335e-21
25.0781    -4.65273e-20
25.1367    -1.33408e-20
25.1953    1.43996e-20
25.2539    -1.73377e-20
25.3125    -3.75606e-20
25.3711    5.29396e-23
25.4297    3.00697e-20
25.4883    1.89921e-21
25.5469    -3.74283e-20
25.6055    -8.20563e-21
25.6641    3.30211e-20
25.7227    8.17916e-21
25.7812    -3.40931e-20
25.8398    -2.05405e-20
25.8984    2.51331e-20
25.957    1.89524e-20
26.0156    -3.4199e-20
26.0742    -4.08164e-20
26.1328    -5.45277e-21
26.1914    4.2881e-21
26.25    -2.28699e-20
26.3086    -3.43048e-20
26.3672    3.6793e-21
26.4258    2.46698e-20
26.4844    -1.14879e-20
26.543    -4.62295e-20
26.6016    -2.00376e-20
26.6602    2.1017e-20
26.7188    2.0117e-20
26.7773    -2.60198e-20
26.8359    -4.05782e-20
26.8945    -6.35275e-22
26.9531    2.70521e-20
27.0117    1.66495e-20
27.0703    -6.85567e-21
27.1289    2.5411e-21
27.1875    2.86403e-20
27.2461    1.99582e-20
27.3047    -9.55311e-21
27.3633    -2.20229e-20
27.4219    6.8292e-21
27.4805    2.59933e-20
27.5391    8.31151e-21
27.5977    -2.34522e-20
27.6562    -1.51937e-20
27.7148    1.77877e-20
27.7734    3.34578e-20
27.832    7.70271e-21
27.8906    -2.31346e-20
27.9492    -1.12232e-20
28.0078    1.3182e-20
28.0664    2.48287e-20
28.125    -1.37643e-21
28.1836    -1.58289e-20
28.2422    -4.76456e-21
28.3008    1.58819e-20
28.3594    1.15408e-20
28.418    -1.27584e-20
28.4766    -1.77877e-20
28.5352    1.37378e-20
28.5938    3.96914e-20
28.6523    3.31402e-20
28.7109    -1.24408e-20
28.7695    -3.89635e-20
28.8281    -2.10699e-20
28.8867    2.10699e-20
28.9453    3.32725e-20
29.0039    6.11452e-21
29.0625    -3.09961e-20
29.1211    -2.90109e-20
29.1797    2.64698e-21
29.2383    3.11285e-20
29.2969    1.46113e-20
29.3555    -2.56227e-20
29.4141    -4.06576e-20
29.4727    -1.07997e-20
29.5312    2.9752e-20
29.5898    4.10811e-20
29.6484    4.92338e-21
29.707    -3.77459e-20
29.7656    -4.44163e-20
29.8242    -1.19643e-20
29.8828    3.02682e-20
29.9414    3.31931e-20

