-30.0    -3.19633e-21
-29.9414    -4.04978e-21
-29.8828    2.19261e-21
-29.8242    5.31124e-21
-29.7656    3.00877e-21
-29.707    -1.43246e-21
-29.6484    -6.36306e-21
-29.5898    -5.26073e-21
-29.5312    8.40724e-23
-29.4727    4.80157e-21
-29.4141    4.04007e-21
-29.3555    -3.5401e-22
-29.2969    -2.57996e-21
-29.2383    -1.80072e-21
-29.1797    7.47671e-22
-29.1211    2.87128e-21
-29.0625    -2.79872e-22
-29.0039    -2.96405e-21
-28.9453    -3.35079e-21
-28.8867    1.44605e-22
-28.8281    4.48359e-21
-28.7695    -8.78533e-22
-28.7109    -1.89715e-21
-28.6523    -2.27449e-21
-28.5938    5.32838e-23
-28.5352    1.60908e-21
-28.4766    2.10532e-21
-28.418    -4.80512e-21
-28.3594    -4.6397e-21
-28.3008    6.66561e-22
-28.2422    2.07483e-21
-28.1836    9.85488e-22
-28.125    -2.59701e-21
-28.0664    -6.11397e-22
-28.0078    4.0977e-21
-27.9492    7.60488e-21
-27.8906    4.01414e-21
-27.832    1.10945e-21
-27.7734    -1.2004e-21
-27.7148    2.17595e-21
-27.6562    -2.20011e-21
-27.5977    -3.31544e-21
-27.5391    -6.60788e-21
-27.4805    3.93027e-22
-27.4219    5.00743e-21
-27.3633    4.31504e-21
-27.3047    -1.27135e-21
-27.2461    -1.89579e-21
-27.1875    4.64472e-21
-27.1289    4.99834e-21
-27.0703    7.25851e-23
-27.0117    -3.28639e-21
-26.9531    -4.98418e-21
-26.8945    1.00999e-21
-26.8359    1.67339e-21
-26.7773    -3.1499e-21
-26.7188    -1.2143e-21
-26.6602    3.13667e-21
-26.6016    8.39754e-21
-26.543    3.07711e-21
-26.4844    -3.46754e-21
-26.4258    -1.16467e-21
-26.3672    4.61898e-21
-26.3086    6.49833e-21
-26.25    1.42937e-21
-26.1914    -2.32934e-21
-26.1328    -1.6676e-21
-26.0742    -2.59404e-21
-26.0156    -1.64113e-21
-25.957    -4.2881e-21
-25.8984    4.23516e-22
-25.8398    6.56451e-21
-25.7812    3.22931e-21
-25.7227    -2.06464e-21
-25.6641    0.0
-25.6055    5.47924e-21
-25.5469    6.32628e-21
-25.4883    -5.40149e-22
-25.4297    -1.1382e-21
-25.3711    6.61744e-22
-25.3125    2.91168e-22
-25.2539    -4.5528e-21
-25.1953    -1.53525e-21
-25.1367    -3.17637e-22
-25.0781    1.37643e-21
-25.0195    -3.41005e-21
-24.9609    7.54389e-22
-24.9023    6.77626e-21
-24.8438    5.98217e-21
-24.7852    2.38228e-21
-24.7266    1.14614e-20
-24.668    1.08394e-20
-24.6094    2.36243e-21
-24.5508    -6.59098e-21
-24.4922    -9.42324e-21
-24.4336    -1.32349e-21
-24.375    3.09696e-21
-24.3164    -3.57342e-21
-24.2578    -5.37337e-21
-24.1992    -7.25272e-21
-24.1406    -7.12037e-21
-24.082    -5.63806e-21
-24.0234    -7.54389e-22
-23.9648    -3.83812e-22
-23.9062    -4.20869e-21
-23.8477    -3.52048e-21
-23.7891    6.51157e-21
-23.7305    4.07635e-21
-23.6719    -3.22931e-21
-23.6133    -3.20284e-21
-23.5547    -8.99973e-22
-23.4961    5.53218e-21
-23.4375    -4.11605e-21
-23.3789    -1.00585e-21
-23.3203    -5.53218e-21
-23.2617    6.61744e-22
-23.2031    3.26902e-21
-23.1445    8.12622e-21
-23.0859    1.73112e-20
-23.0273    9.21148e-21
-22.9688    5.84982e-21
-22.9102    1.65688e-20
-22.8516    4.60574e-21
-22.793    -4.68515e-21
-22.7344    6.08805e-22
-22.6758    4.46678e-21
-22.6172    -1.87935e-21
-22.5586    -1.42937e-21
-22.5    4.73809e-21
-22.4414    5.62979e-21
-22.3828    -1.03232e-21
-22.3242    -1.50878e-21
-22.2656    1.12761e-20
-22.207    7.63653e-21
-22.1484    -5.82335e-21
-22.0898    2.51463e-21
-22.0312    7.74241e-21
-21.9727    -6.61744e-23
-21.9141    -5.77041e-21
-21.8555    5.29396e-21
-21.7969    2.11758e-22
-21.7383    -2.46169e-21
-21.6797    -6.08805e-22
-21.6211    -8.2321e-21
-21.5625    -8.68209e-21
-21.5039    -5.18808e-21
-21.4453    1.86083e-20
-21.3867    1.52995e-20
-21.3281    8.89385e-21
-21.2695    1.24143e-20
-21.2109    5.26749e-21
-21.1523    -7.96079e-21
-21.0938    -1.20702e-20
-21.0352    -7.12037e-21
-20.9766    6.04173e-21
-20.918    3.6793e-21
-20.8594    -2.2764e-21
-20.8008    3.38813e-21
-20.7422    1.86612e-21
-20.6836    1.35525e-20
-20.625    1.56436e-20
-20.5664    4.20869e-21
-20.5078    1.33937e-20
-20.4492    8.41739e-21
-20.3906    5.04249e-21
-20.332    7.41154e-22
-20.2734    1.1832e-20
-20.2148    -2.02328e-21
-20.1562    8.31151e-21
-20.0977    2.00112e-20
-20.0391    1.53823e-20
-19.9805    7.83505e-21
-19.9219    1.34202e-20
-19.8633    3.24586e-21
-19.8047    -5.691e-21
-19.7461    -8.94679e-21
-19.6875    -3.13005e-21
-19.6289    -4.49986e-22
-19.5703    1.2282e-20
-19.5117    1.13671e-20
-19.4531    4.2881e-21
-19.3945    1.71789e-20
-19.3359    2.59123e-20
-19.2773    4.44692e-21
-19.2188    5.71747e-21
-19.1602    1.75495e-20
-19.1016    1.6623e-20
-19.043    1.4479e-20
-18.9844    5.78365e-21
-18.9258    4.34104e-21
-18.8672    4.49986e-22
-18.8086    2.85212e-20
-18.75    1.77348e-20
-18.6914    1.81318e-20
-18.6328    1.14614e-20
-18.5742    8.97326e-21
-18.5156    1.16004e-20
-18.457    6.32628e-21
-18.3984    -1.34996e-21
-18.3398    2.958e-21
-18.2812    7.06743e-21
-18.2227    -5.66453e-21
-18.1641    -1.17658e-20
-18.1055    -2.91168e-22
-18.0469    6.37922e-21
-17.9883    -7.43801e-21
-17.9297    1.07203e-20
-17.8711    6.40569e-21
-17.8125    -1.08791e-20
-17.7539    3.57342e-21
-17.6953    1.68083e-21
-17.6367    -1.85288e-21
-17.5781    1.85288e-21
-17.5195    5.82335e-21
-17.4609    -1.28643e-20
-17.4023    9.25119e-21
-17.3438    -3.04402e-21
-17.2852    1.02438e-20
-17.2266    1.8423e-20
-17.168    -7.83505e-21
-17.1094    -5.66784e-21
-17.0508    1.1832e-20
-16.9922    -5.58512e-21
-16.9336    2.40875e-21
-16.875    -2.93815e-21
-16.8164    -9.2882e-21
-16.7578    1.02967e-20
-16.6992    1.50613e-20
-16.6406    -8.15269e-21
-16.582    -4.36751e-21
-16.5234    -3.87948e-22
-16.4648    1.37643e-21
-16.4062    1.07467e-20
-16.3477    8.57621e-21
-16.2891    -7.94093e-23
-16.2305    2.689e-20
-16.1719    2.14405e-20
-16.1133    -1.99847e-21
-16.0547    -4.2881e-21
-15.9961    -1.99847e-20
-15.9375    -2.34258e-21
-15.8789    -4.60574e-21
-15.8203    -1.44922e-21
-15.7617    -2.40875e-21
-15.7031    1.56172e-21
-15.6445    2.07788e-20
-15.5859    -7.14684e-22
-15.5273    7.97071e-21
-15.4688    8.41739e-21
-15.4102    3.17637e-21
-15.3516    -1.3579e-20
-15.293    1.12232e-20
-15.2344    2.8058e-21
-15.1758    2.01964e-20
-15.1172    3.63831e-20
-15.0586    4.57133e-20
-15.0    -7.27919e-21
-14.9414    1.96141e-20
-14.8828    1.23084e-20
-14.8242    3.67665e-20
-14.7656    3.70842e-20
-14.707    2.18276e-20
-14.6484    3.75871e-21
-14.5898    -1.05482e-20
-14.5312    -4.33046e-20
-14.4727    -4.49722e-20
-14.4141    -3.45695e-20
-14.3555    -4.44428e-20
-14.2969    -1.97332e-20
-14.2383    -4.35163e-20
-14.1797    -1.80557e-20
-14.1211    -1.58289e-20
-14.0625    -2.6086e-20
-14.0039    2.08847e-20
-13.9453    1.21761e-20
-13.8867    4.71162e-21
-13.8281    4.27487e-20
-13.7695    -4.43369e-21
-13.7109    2.23934e-20
-13.6523    1.93229e-20
-13.5938    1.6623e-20
-13.5352    1.41878e-20
-13.4766    9.58206e-21
-13.418    -1.2732e-20
-13.3594    -5.90276e-21
-13.3008    -8.99973e-21
-13.2422    -7.54389e-21
-13.1836    3.70577e-20
-13.125    2.29361e-20
-13.0664    3.5946e-20
-13.0078    1.4115e-20
-12.9492    2.48287e-20
-12.8906    4.6074e-20
-12.832    2.54639e-20
-12.7734    3.16976e-20
-12.7148    3.89106e-20
-12.6562    1.41349e-20
-12.5977    1.5776e-20
-12.5391    -1.88994e-20
-12.4805    1.04026e-20
-12.4219    1.37643e-20
-12.3633    -1.87671e-20
-12.3047    1.37643e-21
-12.2461    -2.09376e-20
-12.1875    -2.58874e-20
-12.1289    -3.38019e-20
-12.0703    -3.34578e-20
-12.0117    -5.53318e-20
-11.9531    -4.51574e-20
-11.8945    -7.72851e-20
-11.8359    -6.17275e-20
-11.7773    -4.96441e-20
-11.7188    -3.54695e-20
-11.6602    -3.18696e-20
-11.6016    4.02341e-21
-11.543    1.6623e-20
-11.4844    2.62051e-20
-11.4258    2.23405e-20
-11.3672    -1.13026e-20
-11.3086    -5.9557e-21
-11.25    1.93229e-21
-11.1914    3.97311e-20
-11.1328    -3.58401e-20
-11.0742    1.64113e-21
-11.0156    4.08693e-20
-10.957    1.95876e-20
-10.8984    5.81541e-20
-10.8398    3.81165e-21
-10.7812    1.70465e-20
-10.7227    5.87629e-21
-10.6641    -8.86738e-21
-10.6055    6.88744e-20
-10.5469    9.77794e-20
-10.4883    1.24831e-19
-10.4297    9.30677e-20
-10.3711    8.36974e-20
-10.3125    1.08394e-20
-10.2539    -2.94873e-20
-10.1953    -1.52863e-20
-10.1367    -7.13096e-20
-10.0781    -8.23607e-20
-10.0195    -6.35275e-20
-9.96094    -7.1389e-20
-9.90234    -3.66871e-20
-9.84375    -7.3811e-20
-9.78516    -8.3168e-20
-9.72656    -1.25467e-19
-9.66797    -7.4433e-20
-9.60938    -8.65826e-20
-9.55078    -1.09214e-19
-9.49219    -6.36334e-20
-9.43359    1.00585e-21
-9.375    8.1474e-20
-9.31641    8.02564e-20
-9.25781    9.96852e-20
-9.19922    1.22185e-19
-9.14062    1.81662e-19
-9.08203    2.71739e-19
-9.02344    4.5618e-19
-8.96484    7.80594e-19
-8.90625    1.28847e-18
-8.84766    2.24305e-18
-8.78906    3.76231e-18
-8.73047    6.23819e-18
-8.67188    1.02015e-17
-8.61328    1.68014e-17
-8.55469    2.76079e-17
-8.49609    4.52987e-17
-8.4375    7.39591e-17
-8.37891    1.20365e-16
-8.32031    1.95408e-16
-8.26172    3.16128e-16
-8.20312    5.09974e-16
-8.14453    8.19882e-16
-8.08594    1.31366e-15
-8.02734    2.09783e-15
-7.96875    3.33893e-15
-7.91016    5.29642e-15
-7.85156    8.37342e-15
-7.79297    1.3194e-14
-7.73438    2.07201e-14
-7.67578    3.24305e-14
-7.61719    5.05896e-14
-7.55859    7.86524e-14
-7.5    1.21873e-13
-7.44141    1.88211e-13
-7.38281    2.89684e-13
-7.32422    4.44373e-13
-7.26562    6.79377e-13
-7.20703    1.03518e-12
-7.14844    1.57202e-12
-7.08984    2.37927e-12
-7.03125    3.58895e-12
-6.97266    5.39547e-12
-6.91406    8.08407e-12
-6.85547    1.20717e-11
-6.79688    1.79657e-11
-6.73828    2.66475e-11
-6.67969    3.93918e-11
-6.62109    5.8035e-11
-6.5625    8.52138e-11
-6.50391    1.247e-10
-6.44531    1.81867e-10
-6.38672    2.64349e-10
-6.32812    3.82944e-10
-6.26953    5.52872e-10
-6.21094    7.95513e-10
-6.15234    1.14078e-09
-6.09375    1.63038e-09
-6.03516    2.32224e-09
-5.97656    3.29652e-09
-5.91797    4.66374e-09
-5.85938    6.57573e-09
-5.80078    9.24022e-09
-5.74219    1.29405e-08
-5.68359    1.80612e-08
-5.625    2.5123e-08
-5.56641    3.48277e-08
-5.50781    4.81177e-08
-5.44922    6.62541e-08
-5.39062    9.09174e-08
-5.33203    1.24339e-07
-5.27344    1.6947e-07
-5.21484    2.302e-07
-5.15625    3.11633e-07
-5.09766    4.20441e-07
-5.03906    5.65316e-07
-4.98047    7.57534e-07
-4.92188    1.01166e-06
-4.86328    1.34646e-06
-4.80469    1.78597e-06
-4.74609    2.3609e-06
-4.6875    3.1103e-06
-4.62891    4.08366e-06
-4.57031    5.34341e-06
-4.51172    6.96801e-06
-4.45312    9.05565e-06
-4.39453    1.17287e-05
-4.33594    1.51392e-05
-4.27734    1.94749e-05
-4.21875    2.4967e-05
-4.16016    3.1899e-05
-4.10156    4.06168e-05
-4.04297    5.15412e-05
-3.98438    6.5181e-05
-3.92578    8.21497e-05
-3.86719    0.000103183
-3.80859    0.00012916
-3.75    0.000161126
-3.69141    0.000200318
-3.63281    0.000248194
-3.57422    0.000306464
-3.51562    0.000377123
-3.45703    0.00046249
-3.39844    0.000565246
-3.33984    0.000688475
-3.28125    0.000835706
-3.22266    0.00101096
-3.16406    0.00121879
-3.10547    0.00146433
-3.04688    0.00175332
-2.98828    0.00209218
-2.92969    0.002488
-2.87109    0.0029486
-2.8125    0.00348252
-2.75391    0.00409907
-2.69531    0.00480827
-2.63672    0.0056209
-2.57812    0.00654839
-2.51953    0.00760285
-2.46094    0.0087969
-2.40234    0.0101437
-2.34375    0.0116566
-2.28516    0.0133494
-2.22656    0.0152356
-2.16797    0.0173289
-2.10938    0.0196423
-2.05078    0.0221884
-1.99219    0.0249787
-1.93359    0.0280236
-1.875    0.031332
-1.81641    0.0349111
-1.75781    0.0387658
-1.69922    0.0428986
-1.64062    0.0473095
-1.58203    0.0519951
-1.52344    0.0569491
-1.46484    0.0621614
-1.40625    0.0676182
-1.34766    0.073302
-1.28906    0.0791913
-1.23047    0.0852605
-1.17188    0.0914802
-1.11328    0.0978173
-1.05469    0.104235
-0.996094    0.110693
-0.9375    0.117148
-0.878906    0.123554
-0.820312    0.129864
-0.761719    0.136028
-0.703125    0.141996
-0.644531    0.147718
-0.585938    0.153144
-0.527344    0.158224
-0.46875    0.162912
-0.410156    0.167164
-0.351562    0.170939
-0.292969    0.174199
-0.234375    0.176913
-0.175781    0.179053
-0.117188    0.180598
-0.0585938    0.181531
0.0    0.181843
0.0585938    0.181531
0.117188    0.180598
0.175781    0.179053
0.234375    0.176913
0.292969    0.174199
0.351562    0.170939
0.410156    0.167164
0.46875    0.162912
0.527344    0.158224
0.585938    0.153144
0.644531    0.147718
0.703125    0.141996
0.761719    0.136028
0.820312    0.129864
0.878906    0.123554
0.9375    0.117148
0.996094    0.110693
1.05469    0.104235
1.11328    0.0978173
1.17188    0.0914802
1.23047    0.0852605
1.28906    0.0791913
1.34766    0.073302
1.40625    0.0676182
1.46484    0.0621614
1.52344    0.0569491
1.58203    0.0519951
1.64062    0.0473095
1.69922    0.0428986
1.75781    0.0387658
1.81641    0.0349111
1.875    0.031332
1.93359    0.0280236
1.99219    0.0249787
2.05078    0.0221884
2.10938    0.0196423
2.16797    0.0173289
2.22656    0.0152356
2.28516    0.0133494
2.34375    0.0116566
2.40234    0.0101437
2.46094    0.0087969
2.51953    0.00760285
2.57812    0.00654839
2.63672    0.0056209
2.69531    0.00480827
2.75391    0.00409907
2.8125    0.00348252
2.87109    0.0029486
2.92969    0.002488
2.98828    0.00209218
3.04688    0.00175332
3.10547    0.00146433
3.16406    0.00121879
3.22266    0.00101096
3.28125    0.000835706
3.33984    0.000688475
3.39844    0.000565246
3.45703    0.00046249
3.51562    0.000377123
3.57422    0.000306464
3.63281    0.000248194
3.69141    0.000200318
3.75    0.000161126
3.80859    0.00012916
3.86719    0.000103183
3.92578    8.21497e-05
3.98438    6.5181e-05
4.04297    5.15412e-05
4.10156    4.06168e-05
4.16016    3.1899e-05
4.21875    2.4967e-05
4.27734    1.94749e-05
4.33594    1.51392e-05
4.39453    1.17287e-05
4.45312    9.05565e-06
4.51172    6.96801e-06
4.57031    5.34341e-06
4.62891    4.08366e-06
4.6875    3.1103e-06
4.74609    2.3609e-06
4.80469    1.78597e-06
4.86328    1.34646e-06
4.92188    1.01166e-06
4.98047    7.57534e-07
5.03906    5.65316e-07
5.09766    4.20441e-07
5.15625    3.11633e-07
5.21484    2.302e-07
5.27344    1.6947e-07
5.33203    1.24339e-07
5.39062    9.09174e-08
5.44922    6.62541e-08
5.50781    4.81177e-08
5.56641    3.48277e-08
5.625    2.5123e-08
5.68359    1.80612e-08
5.74219    1.29405e-08
5.80078    9.24022e-09
5.85938    6.57573e-09
5.91797    4.66374e-09
5.97656    3.29652e-09
6.03516    2.32224e-09
6.09375    1.63038e-09
6.15234    1.14078e-09
6.21094    7.95513e-10
6.26953    5.52872e-10
6.32812    3.82944e-10
6.38672    2.64349e-10
6.44531    1.81867e-10
6.50391    1.247e-10
6.5625    8.52138e-11
6.62109    5.8035e-11
6.67969    3.93918e-11
6.73828    2.66475e-11
6.79688    1.79657e-11
6.85547    1.20717e-11
6.91406    8.08407e-12
6.97266    5.39547e-12
7.03125    3.58895e-12
7.08984    2.37927e-12
7.14844    1.57202e-12
7.20703    1.03518e-12
7.26562    6.79376e-13
7.32422    4.44372e-13
7.38281    2.89684e-13
7.44141    1.88211e-13
7.5    1.21873e-13
7.55859    7.86523e-14
7.61719    5.05894e-14
7.67578    3.24304e-14
7.73438    2.072e-14
7.79297    1.31939e-14
7.85156    8.37335e-15
7.91016    5.29629e-15
7.96875    3.33883e-15
8.02734    2.09775e-15
8.08594    1.31371e-15
8.14453    8.19838e-16
8.20312    5.09995e-16
8.26172    3.16155e-16
8.32031    1.95341e-16
8.37891    1.20241e-16
8.4375    7.37734e-17
8.49609    4.50859e-17
8.55469    2.7517e-17
8.61328    1.67411e-17
8.67188    1.01255e-17
8.73047    6.12966e-18
8.78906    3.66225e-18
8.84766    2.18714e-18
8.90625    1.27492e-18
8.96484    7.58465e-19
9.02344    4.97076e-19
9.08203    2.43469e-19
9.14062    1.53207e-19
9.19922    -3.70577e-22
9.25781    -6.40569e-21
9.31641    -6.40569e-21
9.375    2.91697e-20
9.43359    -2.71051e-20
9.49219    8.09975e-21
9.55078    2.52786e-20
9.60938    3.3299e-20
9.66797    3.73224e-20
9.72656    5.0822e-21
9.78516    1.96935e-20
9.84375    -6.2151e-20
9.90234    -1.43546e-19
9.96094    -1.38066e-19
10.0195    -1.34572e-19
10.0781    -1.18214e-19
10.1367    -9.06855e-20
10.1953    -5.54277e-20
10.2539    -7.21566e-20
10.3125    -1.18902e-19
10.3711    -6.46921e-20
10.4297    -3.99694e-20
10.4883    -1.58819e-21
10.5469    -1.30761e-20
10.6055    4.15046e-20
10.6641    6.79215e-20
10.7227    1.06938e-20
10.7812    1.88465e-20
10.8398    8.68209e-21
10.8984    7.6233e-20
10.957    -1.48231e-20
11.0156    -2.84285e-20
11.0742    2.61521e-20
11.1328    4.66927e-20
11.1914    1.83171e-20
11.25    2.27772e-20
11.3086    3.86459e-21
11.3672    -2.1639e-20
11.4258    -5.02926e-21
11.4844    -3.41593e-20
11.543    -6.26804e-20
11.6016    -4.78532e-20
11.6602    -2.75286e-21
11.7188    2.13876e-20
11.7773    2.38228e-21
11.8359    -7.27919e-22
11.8945    -4.16634e-20
11.9531    -2.91168e-22
12.0117    -3.13932e-20
12.0703    -6.53804e-21
12.1289    -2.82962e-20
12.1875    -4.22987e-20
12.2461    -6.01393e-20
12.3047    -9.51853e-20
12.3633    -3.57342e-20
12.4219    -1.58289e-20
12.4805    2.22346e-21
12.5391    1.01115e-20
12.5977    6.92185e-21
12.6562    -1.96406e-20
12.7148    -2.33133e-20
12.7734    -3.03344e-20
12.832    2.69992e-21
12.8906    -2.00112e-20
12.9492    -3.08638e-20
13.0078    -5.32837e-20
13.0664    -4.80162e-20
13.125    -9.29089e-21
13.1836    -2.70256e-20
13.2422    1.58951e-20
13.3008    2.8005e-20
13.3594    3.47614e-20
13.418    6.42157e-20
13.4766    4.59317e-20
13.5352    8.67679e-20
13.5938    4.92073e-20
13.6523    2.03288e-20
13.7109    3.23725e-20
13.7695    -1.11967e-20
13.8281    -5.37337e-21
13.8867    3.07844e-20
13.9453    -1.83171e-20
14.0039    1.52276e-20
14.0625    -1.37643e-20
14.1211    -1.7073e-20
14.1797    -1.77877e-20
14.2383    -1.91112e-20
14.2969    -7.06743e-21
14.3555    -2.52522e-20
14.4141    -5.23969e-20
14.4727    -2.4511e-20
14.5312    -3.10391e-20
14.5898    -2.99109e-20
14.6484    -4.26163e-21
14.707    1.0032e-20
14.7656    1.85553e-20
14.8242    -1.53392e-20
14.8828    -2.35316e-20
14.9414    1.02364e-20
15.0    -1.60407e-20
15.0586    -1.60936e-20
15.1172    1.29437e-20
15.1758    1.0482e-20
15.2344    2.65757e-20
15.293    6.43745e-20
15.3516    3.61701e-20
15.4102    4.41251e-20
15.4688    3.44504e-20
15.5273    -3.89106e-21
15.5859    -2.35581e-20
15.6445    -5.06896e-21
15.7031    -2.25523e-20
15.7617    -2.64698e-23
15.8203    -1.13026e-20
15.8789    -1.37113e-20
15.9375    2.96462e-21
15.9961    -1.89788e-20
16.0547    -2.16903e-20
16.1133    -2.14405e-21
16.1719    -1.65436e-20
16.2305    -9.29089e-21
16.2891    -2.40346e-20
16.3477    -2.65227e-20
16.4062    1.93229e-21
16.4648    8.54974e-21
16.5234    5.84982e-21
16.582    2.48551e-20
16.6406    1.41812e-20
16.6992    4.57927e-21
16.7578    1.92568e-20
16.8164    4.92338e-21
16.875    1.12232e-20
16.9336    2.03619e-20
16.9922    -1.2229e-20
17.0508    -2.14405e-20
17.1094    -4.71162e-21
17.168    -1.77083e-20
17.2266    1.40952e-21
17.2852    1.2229e-20
17.3438    -1.85024e-20
17.4023    2.43522e-21
17.4609    8.57621e-21
17.5195    -1.62127e-21
17.5781    2.28434e-20
17.6367    1.2679e-20
17.6953    -5.83659e-21
17.7539    8.07328e-21
17.8125    1.76024e-21
17.8711    -9.58206e-21
17.9297    1.04026e-20
17.9883    3.18299e-21
18.0469    -5.98217e-21
18.1055    1.87935e-20
18.1641    1.54451e-20
18.2227    -6.96155e-21
18.2812    5.10867e-21
18.3398    6.60421e-21
18.3984    -1.61466e-20
18.457    1.07864e-20
18.5156    2.09376e-20
18.5742    7.86152e-21
18.6328    1.81969e-20
18.6914    1.17791e-20
18.75    -1.4029e-21
18.8086    1.3182e-20
18.8672    1.45584e-20
18.9258    -7.17331e-21
18.9844    1.10644e-20
19.043    1.12232e-20
19.1016    -8.28504e-21
19.1602    -6.44539e-21
19.2188    1.42407e-20
19.2773    6.4851e-22
19.3359    -6.61744e-22
19.3945    1.64113e-21
19.4531    -2.12288e-20
19.5117    -1.87141e-20
19.5703    9.8997e-21
19.6289    -9.86661e-21
19.6875    -2.78197e-20
19.7461    -3.04402e-21
19.8047    -8.13946e-21
19.8633    -2.17052e-21
19.9219    1.27849e-20
19.9805    4.19546e-21
20.0391    -1.29702e-20
20.0977    -5.26749e-21
20.1562    1.03232e-21
20.2148    -1.04953e-20
20.2734    -3.20284e-21
20.332    1.49422e-20
20.3906    2.73962e-21
20.4492    -6.08805e-21
20.5078    1.05614e-20
20.5664    4.98294e-21
20.625    -1.31025e-20
20.6836    4.12929e-21
20.7422    4.98624e-21
20.8008    2.77933e-21
20.8594    1.98523e-21
20.918    7.5108e-21
20.9766    -1.45584e-20
21.0352    -1.63848e-20
21.0938    1.31025e-21
21.1523    -4.59251e-21
21.2109    -1.28908e-20
21.2695    -3.07049e-21
21.3281    6.2266e-21
21.3867    1.29702e-21
21.4453    7.83505e-21
21.5039    3.11814e-20
21.5625    1.45584e-20
21.6211    4.42045e-21
21.6797    1.24408e-20
21.7383    9.5953e-21
21.7969    3.01755e-21
21.8555    1.0482e-20
21.9141    1.08658e-20
21.9727    1.76686e-21
22.0312    -6.35275e-22
22.0898    4.34104e-21
22.1484    1.6676e-21
22.207    4.10282e-22
22.2656    1.38172e-20
22.3242    1.60142e-20
22.3828    1.34996e-21
22.4414    -1.82641e-21
22.5    9.39677e-21
22.5586    5.82335e-22
22.6172    -7.34536e-21
22.6758    2.76609e-21
22.7344    8.52327e-21
22.793    -1.85288e-22
22.8516    3.50725e-22
22.9102    1.00453e-20
22.9688    7.6233e-21
23.0273    -8.44386e-21
23.0859    -1.73377e-21
23.1445    9.74088e-21
23.2031    -8.47033e-22
23.2617    -8.31151e-21
23.3203    2.38228e-21
23.3789    7.12864e-21
23.4375    -6.35275e-21
23.4961    -1.13555e-20
23.5547    9.66147e-21
23.6133    5.05573e-21
23.6719    -8.13946e-21
23.7305    -1.23349e-20
23.7891    4.5528e-21
23.8477    2.35581e-21
23.9062    -7.43801e-21
23.9648    3.79841e-21
24.0234    1.28378e-20
24.082    -3.1499e-21
24.1406    -1.89259e-20
24.1992    -4.68515e-21
24.2578    4.16444e-21
24.3164    -9.83352e-21
24.375    -1.23614e-20
24.4336    -5.82335e-22
24.4922    1.14085e-20
24.5508    -1.37643e-21
24.6094    -9.50265e-21
24.668    4.42045e-21
24.7266    1.26526e-20
24.7852    2.67345e-21
24.8438    -5.00279e-21
24.9023    6.4851e-21
24.9609    1.12761e-20
25.0195    8.60268e-22
25.0781    -4.89691e-21
25.1367    4.63221e-21
25.1953    9.8997e-21
25.2539    -2.17052e-21
25.3125    -1.11702e-20
25.3711    -2.09111e-21
25.4297    1.03497e-20
25.4883    5.62483e-22
25.5469    -1.37113e-20
25.6055    -5.63806e-21
25.6641    3.59989e-21
25.7227    2.69992e-21
25.7812    -1.11702e-20
25.8398    -5.02926e-21
25.8984    5.87629e-21
25.957    1.21761e-21
26.0156    -1.07467e-20
26.0742    -1.3129e-20
26.1328    1.48231e-21
26.1914    5.10867e-21
26.25    -2.21023e-21
26.3086    -7.88799e-21
26.3672    1.65436e-21
26.4258    9.35707e-21
26.4844    -1.05879e-22
26.543    -1.1425e-20
26.6016    -7.22625e-21
26.6602    8.54974e-21
26.7188    6.88545e-21
26.7773    -4.38406e-21
26.8359    -7.036e-21
26.8945    1.14358e-21
26.9531    7.06578e-21
27.0117    4.36627e-21
27.0703    -3.93159e-21
27.1289    4.74698e-22
27.1875    3.41414e-21
27.2461    5.01928e-21
27.3047    -3.30766e-21
27.3633    -4.67172e-21
27.4219    3.76905e-21
27.4805    7.03405e-21
27.5391    1.09708e-21
27.5977    -9.06931e-21
27.6562    -9.64369e-21
27.7148    5.19733e-21
27.7734    9.99378e-21
27.832    4.00343e-21
27.8906    -4.73e-21
27.9492    -2.69044e-21
28.0078    4.72608e-21
28.0664    4.70115e-21
28.125    -9.04136e-22
28.1836    -5.05942e-21
28.2422    -2.25012e-21
28.3008    6.09771e-21
28.3594    2.83244e-21
28.418    -4.46788e-21
28.4766    -6.30337e-21
28.5352    3.30913e-21
28.5938    1.02239e-20
28.6523    7.63998e-21
28.7109    -6.19125e-21
28.7695    -1.43361e-20
28.8281    -8.3975e-21
28.8867    5.12071e-21
28.9453    1.02506e-20
29.0039    3.79422e-21
29.0625    -7.33679e-21
29.1211    -6.87223e-21
29.1797    7.03806e-22
29.2383    1.02648e-20
29.2969    5.40796e-21
29.3555    -6.81615e-21
29.4141    -1.18019e-20
29.4727    -2.73074e-21
29.5312    1.0601e-20
29.5898    1.2473e-20
29.6484    2.00867e-21
29.707    -9.74809e-21
29.7656    -1.23851e-20
29.8242    -3.20328e-21
29.8828    8.10689e-21
29.9414    8.24359e-21

-30.0    -1.61205e-19
-29.9414    -2.08618e-19
-29.8828    1.05136e-19
-29.8242    2.52313e-19
-29.7656    1.52185e-19
-29.707    -6.12366e-20
-29.6484    -2.98508e-19
-29.5898    -2.47334e-19
-29.5312    1.07321e-20
-29.4727    2.41005e-19
-29.4141    2.03123e-19
-29.3555    -1.47394e-20
-29.2969    -1.2984e-19
-29.2383    -8.75629e-20
-29.1797    4.12291e-20
-29.1211    1.26691e-19
-29.0625    -4.5825e-21
-29.0039    -1.33236e-19
-28.9453    -1.49528e-19
-28.8867    1.34178e-20
-28.8281    2.30961e-19
-28.7695    -3.87742e-20
-28.7109    -9.45493e-20
-28.6523    -1.15491e-19
-28.5938    -2.42019e-21
-28.5352    7.92792e-20
-28.4766    1.03964e-19
-28.418    -2.29573e-19
-28.3594    -2.19483e-19
-28.3008    3.48878e-20
-28.2422    1.01436e-19
-28.1836    5.12376e-20
-28.125    -1.23274e-19
-28.0664    -2.37008e-20
-28.0078    1.96824e-19
-27.9492    3.66536e-19
-27.8906    1.90588e-19
-27.832    6.04979e-20
-27.7734    -4.68924e-20
-27.7148    1.17671e-19
-27.6562    -9.8846e-20
-27.5977    -1.64483e-19
-27.5391    -3.21431e-19
-27.4805    6.33124e-21
-27.4219    2.42539e-19
-27.3633    1.93088e-19
-27.3047    -9.00221e-20
-27.2461    -8.75223e-20
-27.1875    2.07457e-19
-27.1289    2.40637e-19
-27.0703    9.26442e-22
-27.0117    -1.79677e-19
-26.9531    -2.40134e-19
-26.8945    3.13932e-20
-26.8359    7.11508e-20
-26.7773    -1.4929e-19
-26.7188    -5.8657e-20
-26.6602    1.74701e-19
-26.6016    4.10387e-19
-26.543    1.52889e-19
-26.4844    -1.40607e-19
-26.4258    -2.37169e-20
-26.3672    2.24464e-19
-26.3086    3.15096e-19
-26.25    6.18334e-20
-26.1914    -1.20279e-19
-26.1328    -7.7927e-20
-26.0742    -1.27055e-19
-26.0156    -6.94567e-20
-25.957    -1.89735e-19
-25.8984    3.55754e-20
-25.8398    3.15096e-19
-25.7812    1.28749e-19
-25.7227    -7.7927e-20
-25.6641    1.35525e-20
-25.6055    2.79521e-19
-25.5469    3.21025e-19
-25.4883    -3.59195e-20
-25.4297    -6.52215e-20
-25.3711    2.5411e-20
-25.3125    -1.01644e-20
-25.2539    -2.33781e-19
-25.1953    -8.47033e-20
-25.1367    -4.06576e-20
-25.0781    5.84453e-20
-25.0195    -1.44882e-19
-24.9609    3.98105e-20
-24.9023    3.33731e-19
-24.8438    2.76133e-19
-24.7852    1.21973e-19
-24.7266    5.42101e-19
-24.668    5.17961e-19
-24.6094    1.3849e-19
-24.5508    -3.26955e-19
-24.4922    -4.59092e-19
-24.4336    -3.72694e-20
-24.375    1.18585e-19
-24.3164    -1.63477e-19
-24.2578    -2.64698e-19
-24.1992    -3.57448e-19
-24.1406    -3.15096e-19
-24.082    -2.60886e-19
-24.0234    -3.21873e-20
-23.9648    -2.41404e-20
-23.9062    -2.00747e-19
-23.8477    -1.5416e-19
-23.7891    3.18484e-19
-23.7305    1.999e-19
-23.6719    -1.55431e-19
-23.6133    -1.89735e-19
-23.5547    -5.92923e-20
-23.4961    2.5411e-19
-23.4375    -1.98629e-19
-23.3789    -3.55754e-20
-23.3203    -2.49028e-19
-23.2617    4.74338e-20
-23.2031    1.77877e-19
-23.1445    4.0467e-19
-23.0859    8.23316e-19
-23.0273    4.21822e-19
-22.9688    2.93073e-19
-22.9102    8.3757e-19
-22.8516    2.13452e-19
-22.793    -2.38863e-19
-22.7344    -6.77626e-21
-22.6758    1.92171e-19
-22.6172    -7.7927e-20
-22.5586    -7.96211e-20
-22.5    2.43098e-19
-22.4414    2.91168e-19
-22.3828    -3.98105e-20
-22.3242    -7.96211e-20
-22.2656    5.24313e-19
-22.207    3.56495e-19
-22.1484    -2.53263e-19
-22.0898    1.32137e-19
-22.0312    3.98953e-19
-21.9727    1.69407e-20
-21.9141    -2.47334e-19
-21.8555    3.06626e-19
-21.7969    4.27752e-20
-21.7383    -8.80914e-20
-21.6797    -3.21873e-20
-21.6211    -3.89635e-19
-21.5625    -3.92176e-19
-21.5039    -2.33781e-19
-21.4453    8.48727e-19
-21.3867    7.31413e-19
-21.3281    3.89635e-19
-21.2695    5.86147e-19
-21.2109    2.49028e-19
-21.1523    -4.00647e-19
-21.0938    -5.87841e-19
-21.0352    -3.72694e-19
-20.9766    2.90109e-19
-20.918    1.63477e-19
-20.8594    -8.63974e-20
-20.8008    1.52042e-19
-20.7422    8.47033e-20
-20.6836    6.18334e-19
-20.625    7.47083e-19
-20.5664    2.26158e-19
-20.5078    6.45439e-19
-20.4492    4.04035e-19
-20.3906    2.57286e-19
-20.332    1.35525e-20
-20.2734    5.57348e-19
-20.2148    -1.3796e-19
-20.1562    3.89635e-19
-20.0977    9.62229e-19
-20.0391    7.63177e-19
-19.9805    4.37069e-19
-19.9219    6.31887e-19
-19.8633    1.26102e-19
-19.8047    -2.65968e-19
-19.7461    -4.25211e-19
-19.6875    -5.10337e-20
-19.6289    3.72694e-20
-19.5703    6.57298e-19
-19.5117    5.69471e-19
-19.4531    2.04982e-19
-19.3945    8.23316e-19
-19.3359    1.21946e-18
-19.2773    2.30393e-19
-19.2188    2.76133e-19
-19.1602    8.67997e-19
-19.1016    8.26704e-19
-19.043    6.75932e-19
-18.9844    2.19805e-19
-18.9258    1.88041e-19
-18.8672    1.69407e-20
-18.8086    1.41878e-18
-18.75    9.06325e-19
-18.6914    9.16913e-19
-18.6328    5.90382e-19
-18.5742    4.77727e-19
-18.5156    6.13887e-19
-18.457    2.6258e-19
-18.3984    -5.42101e-20
-18.3398    1.3002e-19
-18.2812    3.82859e-19
-18.2227    -2.66815e-19
-18.1641    -5.78524e-19
-18.1055    -5.0822e-21
-18.0469    2.50298e-19
-17.9883    -3.6253e-19
-17.9297    5.40407e-19
-17.8711    3.28861e-19
-17.8125    -4.99749e-19
-17.7539    2.24464e-19
-17.6953    8.97855e-20
-17.6367    -7.7927e-20
-17.5781    4.10811e-20
-17.5195    1.999e-19
-17.4609    -6.48827e-19
-17.4023    4.45963e-19
-17.3438    -9.99499e-20
-17.2852    5.46336e-19
-17.2266    8.87691e-19
-17.168    -3.23567e-19
-17.1094    -2.85027e-19
-17.0508    5.59042e-19
-16.9922    -3.51519e-19
-16.9336    1.01644e-19
-16.875    -1.49078e-19
-16.8164    -4.32132e-19
-16.7578    5.35325e-19
-16.6992    7.49624e-19
-16.6406    -3.56601e-19
-16.582    -2.30393e-19
-16.5234    -8.42798e-20
-16.4648    3.38813e-21
-16.4062    4.26058e-19
-16.3477    3.00697e-19
-16.2891    -6.60686e-20
-16.2305    1.21676e-18
-16.1719    9.57147e-19
-16.1133    -1.37219e-19
-16.0547    -2.6258e-19
-15.9961    -1.00966e-18
-15.9375    -1.70254e-19
-15.8789    -2.42251e-19
-15.8203    -1.32137e-19
-15.7617    -1.67713e-19
-15.7031    4.74338e-20
-15.6445    1.02237e-18
-15.5859    -4.40457e-20
-15.5273    2.93497e-19
-15.4688    3.48978e-19
-15.4102    1.00797e-19
-15.3516    -6.6238e-19
-15.293    5.82759e-19
-15.2344    2.15146e-19
-15.1758    1.02322e-18
-15.1172    1.79771e-18
-15.0586    2.25988e-18
-15.0    -4.00647e-19
-14.9414    8.53809e-19
-14.8828    5.31937e-19
-14.8242    1.70762e-18
-14.7656    1.71778e-18
-14.707    9.94205e-19
-14.6484    2.52416e-19
-14.5898    -5.10337e-19
-14.5312    -2.05151e-18
-14.4727    -2.13876e-18
-14.4141    -1.66188e-18
-14.3555    -2.1684e-18
-14.2969    -8.74138e-19
-14.2383    -2.09217e-18
-14.1797    -9.33219e-19
-14.1211    -8.50421e-19
-14.0625    -1.32137e-18
-14.0039    1.07573e-18
-13.9453    5.77676e-19
-13.8867    1.37219e-19
-13.8281    1.96003e-18
-13.7695    -2.80368e-19
-13.7109    1.02491e-18
-13.6523    1.07711e-18
-13.5938    8.2501e-19
-13.5352    6.92449e-19
-13.4766    5.14996e-19
-13.418    -5.89535e-19
-13.3594    -3.03238e-19
-13.3008    -4.09964e-19
-13.2422    -1.84653e-19
-13.1836    1.89905e-18
-13.125    1.23752e-18
-13.0664    1.83129e-18
-13.0078    7.74188e-19
-12.9492    1.28071e-18
-12.8906    2.29821e-18
-12.832    1.21973e-18
-12.7734    1.53652e-18
-12.7148    1.90752e-18
-12.6562    7.00496e-19
-12.5977    8.1654e-19
-12.5391    -8.58891e-19
-12.4805    6.43745e-19
-12.4219    5.96311e-19
-12.3633    -9.01243e-19
-12.3047    -3.55754e-20
-12.2461    -1.05032e-18
-12.1875    -1.35525e-18
-12.1289    -1.81392e-18
-12.0703    -1.62461e-18
-12.0117    -2.71146e-18
-11.9531    -2.21414e-18
-11.8945    -3.83409e-18
-11.8359    -2.97817e-18
-11.7773    -2.55126e-18
-11.7188    -1.83298e-18
-11.6602    -1.58395e-18
-11.6016    1.13502e-19
-11.543    7.78423e-19
-11.4844    1.07573e-18
-11.4258    1.01136e-18
-11.3672    -6.33581e-19
-11.3086    -3.65918e-19
-11.25    -2.71051e-20
-11.1914    1.89735e-18
-11.1328    -1.64833e-18
-11.0742    5.0822e-21
-11.0156    2.04474e-18
-10.957    9.7917e-19
-10.8984    2.93412e-18
-10.8398    4.1674e-19
-10.7812    9.69006e-19
-10.7227    3.84553e-19
-10.6641    -3.26955e-19
-10.6055    3.32037e-18
-10.5469    4.6392e-18
-10.4883    6.03596e-18
-10.4297    4.70866e-18
-10.3711    4.07253e-18
-10.3125    6.26804e-19
-10.2539    -1.63816e-18
-10.1953    -7.6233e-19
-10.1367    -3.30851e-18
-10.0781    -3.90652e-18
-10.0195    -3.1408e-18
-9.96094    -3.45081e-18
-9.90234    -1.45012e-18
-9.84375    -3.50841e-18
-9.78516    -3.83198e-18
-9.72656    -6.02749e-18
-9.66797    -3.46267e-18
-9.60938    -4.21229e-18
-9.55078    -5.06865e-18
-9.49219    -3.24414e-18
-9.43359    -4.87891e-19
-9.375    3.03915e-18
-9.31641    1.66696e-18
-9.25781    1.51619e-18
-9.19922    2.33781e-19
-9.14062    -1.16891e-18
-9.08203    -3.78454e-18
-9.02344    -6.61363e-18
-8.96484    -1.01898e-17
-8.90625    -1.84247e-17
-8.84766    -2.56803e-17
-8.78906    -4.14928e-17
-8.73047    -6.88689e-17
-8.67188    -1.19411e-16
-8.61328    -1.97789e-16
-8.55469    -3.24827e-16
-8.49609    -5.28571e-16
-8.4375    -8.62334e-16
-8.37891    -1.40265e-15
-8.32031    -2.26353e-15
-8.26172    -3.64455e-15
-8.20312    -5.83575e-15
-8.14453    -9.31545e-15
-8.08594    -1.48222e-14
-8.02734    -2.3503e-14
-7.96875    -3.71398e-14
-7.91016    -5.84952e-14
-7.85156    -9.18179e-14
-7.79297    -1.43625e-13
-7.73438    -2.23906e-13
-7.67578    -3.47866e-13
-7.61719    -5.38609e-13
-7.55859    -8.31105e-13
-7.5    -1.27805e-12
-7.44141    -1.95867e-12
-7.38281    -2.99148e-12
-7.32422    -4.5533e-12
-7.26562    -6.90683e-12
-7.20703    -1.0441e-11
-7.14844    -1.57296e-11
-7.08984    -2.36159e-11
-7.03125    -3.53344e-11
-6.97266    -5.26866e-11
-6.91406    -7.82906e-11
-6.85547    -1.15938e-10
-6.79688    -1.71098e-10
-6.73828    -2.51634e-10
-6.67969    -3.68805e-10
-6.62109    -5.38674e-10
-6.5625    -7.84073e-10
-6.50391    -1.13733e-09
-6.44531    -1.64405e-09
-6.38672    -2.36832e-09
-6.32812    -3.39987e-09
-6.26953    -4.86384e-09
-6.21094    -6.93411e-09
-6.15234    -9.85133e-09
-6.09375    -1.39473e-08
-6.03516    -1.96779e-08
-5.97656    -2.76665e-08
-5.91797    -3.8763e-08
-5.85938    -5.41214e-08
-5.80078    -7.53017e-08
-5.74219    -1.04406e-07
-5.68359    -1.44254e-07
-5.625    -1.98616e-07
-5.56641    -2.72508e-07
-5.50781    -3.72584e-07
-5.44922    -5.07628e-07
-5.39062    -6.89196e-07
-5.33203    -9.32426e-07
-5.27344    -1.25707e-06
-5.21484    -1.68879e-06
-5.15625    -2.26079e-06
-5.09766    -3.01588e-06
-5.03906    -4.00899e-06
-4.98047    -5.31031e-06
-4.92188    -7.00919e-06
-4.86328    -9.21885e-06
-4.80469    -1.20822e-05
-4.74609    -1.57787e-05
-4.6875    -2.0533e-05
-4.62891    -2.66248e-05
-4.57031    -3.44011e-05
-4.51172    -4.42902e-05
-4.45312    -5.68186e-05
-4.39453    -7.26302e-05
-4.33594    -9.25096e-05
-4.27734    -0.000117408
-4.21875    -0.000148472
-4.16016    -0.000187079
-4.10156    -0.000234876
-4.04297    -0.000293821
-3.98438    -0.000366229
-3.92578    -0.000454828
-3.86719    -0.000562809
-3.80859    -0.000693892
-3.75    -0.000852388
-3.69141    -0.00104326
-3.63281    -0.0012722
-3.57422    -0.00154568
-3.51562    -0.00187104
-3.45703    -0.00225653
-3.39844    -0.00271137
-3.33984    -0.00324581
-3.28125    -0.00387113
-3.22266    -0.00459969
-3.16406    -0.0054449
-3.10547    -0.00642119
-3.04688    -0.00754397
-2.98828    -0.00882952
-2.92969    -0.0102949
-2.87109    -0.0119576
-2.8125    -0.0138356
-2.75391    -0.0159469
-2.69531    -0.0183092
-2.63672    -0.0209396
-2.57812    -0.0238543
-2.51953    -0.0270677
-2.46094    -0.0305924
-2.40234    -0.0344381
-2.34375    -0.0386117
-2.28516    -0.0431159
-2.22656    -0.0479491
-2.16797    -0.0531048
-2.10938    -0.0585707
-2.05078    -0.0643282
-1.99219    -0.0703522
-1.93359    -0.0766105
-1.875    -0.0830634
-1.81641    -0.0896637
-1.75781    -0.0963564
-1.69922    -0.103079
-1.64062    -0.109763
-1.58203    -0.11633
-1.52344    -0.1227
-1.46484    -0.128783
-1.40625    -0.13449
-1.34766    -0.139725
-1.28906    -0.144392
-1.23047    -0.148397
-1.17188    -0.151645
-1.11328    -0.154047
-1.05469    -0.155518
-0.996094    -0.155982
-0.9375    -0.155371
-0.878906    -0.15363
-0.820312    -0.150714
-0.761719    -0.146594
-0.703125    -0.141257
-0.644531    -0.134706
-0.585938    -0.12696
-0.527344    -0.118056
-0.46875    -0.108049
-0.410156    -0.0970119
-0.351562    -0.0850316
-0.292969    -0.0722118
-0.234375    -0.0586699
-0.175781    -0.0445349
-0.117188    -0.0299461
-0.0585938    -0.0150505
0.0    9.20704e-15
0.0585938    0.0150505
0.117188    0.0299461
0.175781    0.0445349
0.234375    0.0586699
0.292969    0.0722118
0.351562    0.0850316
0.410156    0.0970119
0.46875    0.108049
0.527344    0.118056
0.585938    0.12696
0.644531    0.134706
0.703125    0.141257
0.761719    0.146594
0.820312    0.150714
0.878906    0.15363
0.9375    0.155371
0.996094    0.155982
1.05469    0.155518
1.11328    0.154047
1.17188    0.151645
1.23047    0.148397
1.28906    0.144392
1.34766    0.139725
1.40625    0.13449
1.46484    0.128783
1.52344    0.1227
1.58203    0.11633
1.64062    0.109763
1.69922    0.103079
1.75781    0.0963564
1.81641    0.0896637
1.875    0.0830634
1.93359    0.0766105
1.99219    0.0703522
2.05078    0.0643282
2.10938    0.0585707
2.16797    0.0531048
2.22656    0.0479491
2.28516    0.0431159
2.34375    0.0386117
2.40234    0.0344381
2.46094    0.0305924
2.51953    0.0270677
2.57812    0.0238543
2.63672    0.0209396
2.69531    0.0183092
2.75391    0.0159469
2.8125    0.0138356
2.87109    0.0119576
2.92969    0.0102949
2.98828    0.00882952
3.04688    0.00754397
3.10547    0.00642119
3.16406    0.0054449
3.22266    0.00459969
3.28125    0.00387113
3.33984    0.00324581
3.39844    0.00271137
3.45703    0.00225653
3.51562    0.00187104
3.57422    0.00154568
3.63281    0.0012722
3.69141    0.00104326
3.75    0.000852388
3.80859    0.000693892
3.86719    0.000562809
3.92578    0.000454828
3.98438    0.000366229
4.04297    0.000293821
4.10156    0.000234876
4.16016    0.000187079
4.21875    0.000148472
4.27734    0.000117408
4.33594    9.25096e-05
4.39453    7.26302e-05
4.45312    5.68186e-05
4.51172    4.42902e-05
4.57031    3.44011e-05
4.62891    2.66248e-05
4.6875    2.0533e-05
4.74609    1.57787e-05
4.80469    1.20822e-05
4.86328    9.21885e-06
4.92188    7.00919e-06
4.98047    5.31031e-06
5.03906    4.00899e-06
5.09766    3.01588e-06
5.15625    2.26079e-06
5.21484    1.68879e-06
5.27344    1.25707e-06
5.33203    9.32426e-07
5.39062    6.89196e-07
5.44922    5.07628e-07
5.50781    3.72584e-07
5.56641    2.72508e-07
5.625    1.98616e-07
5.68359    1.44254e-07
5.74219    1.04406e-07
5.80078    7.53017e-08
5.85938    5.41214e-08
5.91797    3.8763e-08
5.97656    2.76665e-08
6.03516    1.96779e-08
6.09375    1.39473e-08
6.15234    9.85133e-09
6.21094    6.93411e-09
6.26953    4.86384e-09
6.32812    3.39987e-09
6.38672    2.36832e-09
6.44531    1.64405e-09
6.50391    1.13733e-09
6.5625    7.84073e-10
6.62109    5.38674e-10
6.67969    3.68805e-10
6.73828    2.51634e-10
6.79688    1.71098e-10
6.85547    1.15938e-10
6.91406    7.82906e-11
6.97266    5.26866e-11
7.03125    3.53344e-11
7.08984    2.36159e-11
7.14844    1.57296e-11
7.20703    1.0441e-11
7.26562    6.90682e-12
7.32422    4.5533e-12
7.38281    2.99148e-12
7.44141    1.95867e-12
7.5    1.27806e-12
7.55859    8.31103e-13
7.61719    5.38612e-13
7.67578    3.47869e-13
7.73438    2.2391e-13
7.79297    1.43634e-13
7.85156    9.18237e-14
7.91016    5.85015e-14
7.96875    3.71469e-14
8.02734    2.35046e-14
8.08594    1.48282e-14
8.14453    9.31623e-15
8.20312    5.83704e-15
8.26172    3.64297e-15
8.32031    2.26595e-15
8.37891    1.40246e-15
8.4375    8.65334e-16
8.49609    5.30758e-16
8.55469    3.2733e-16
8.61328    2.01028e-16
8.67188    1.2183e-16
8.73047    7.50641e-17
8.78906    4.43168e-17
8.84766    2.63732e-17
8.90625    1.42234e-17
8.96484    8.40426e-18
9.02344    7.2218e-18
9.08203    1.82959e-18
9.14062    1.37219e-18
9.19922    -3.42201e-18
9.25781    -2.45978e-18
9.31641    -1.54668e-18
9.375    4.98055e-19
9.43359    -2.01763e-18
9.49219    6.26804e-20
9.55078    7.11508e-19
9.60938    1.25361e-18
9.66797    1.27902e-18
9.72656    -8.80914e-20
9.78516    3.89635e-19
9.84375    -3.40338e-18
9.90234    -7.37766e-18
9.96094    -6.93889e-18
10.0195    -6.76949e-18
10.0781    -5.74966e-18
10.1367    -4.16401e-18
10.1953    -2.70034e-18
10.2539    -3.40846e-18
10.3125    -5.6531e-18
10.3711    -3.03746e-18
10.4297    -1.74489e-18
10.4883    -1.86347e-19
10.5469    -6.89485e-19
10.6055    1.91091e-18
10.6641    3.29496e-18
10.7227    2.87991e-19
10.7812    1.02322e-18
10.8398    3.98105e-19
10.8984    3.64394e-18
10.957    -7.55553e-19
11.0156    -1.32984e-18
11.0742    1.28241e-18
11.1328    2.14384e-18
11.1914    1.02322e-18
11.25    1.17314e-18
11.3086    1.10114e-19
11.3672    -1.15027e-18
11.4258    -3.52366e-19
11.4844    -1.4857e-18
11.543    -2.92565e-18
11.6016    -2.18741e-18
11.6602    -1.57548e-19
11.7188    1.06599e-18
11.7773    7.96211e-20
11.8359    -7.708e-20
11.8945    -1.99053e-18
11.9531    -3.89635e-20
12.0117    -1.57718e-18
12.0703    -3.71e-19
12.1289    -1.49417e-18
12.1875    -2.01763e-18
12.2461    -3.05609e-18
12.3047    -4.76202e-18
12.3633    -1.855e-18
12.4219    -9.74088e-19
12.4805    -3.13402e-20
12.5391    3.1679e-19
12.5977    3.17849e-19
12.6562    -1.09437e-18
12.7148    -1.15133e-18
12.7734    -1.70592e-18
12.832    2.11758e-20
12.8906    -1.0283e-18
12.9492    -1.56532e-18
13.0078    -2.63935e-18
13.0664    -2.27344e-18
13.125    -3.6253e-19
13.1836    -1.24175e-18
13.2422    8.97008e-19
13.3008    1.45859e-18
13.3594    1.70889e-18
13.418    3.19331e-18
13.4766    2.2781e-18
13.5352    4.27243e-18
13.5938    2.3412e-18
13.6523    9.7917e-19
13.7109    1.5975e-18
13.7695    -4.35375e-19
13.8281    -2.03288e-20
13.8867    1.66527e-18
13.9453    -7.19978e-19
14.0039    7.15425e-19
14.0625    -6.65768e-19
14.1211    -7.53012e-19
14.1797    -8.38563e-19
14.2383    -8.41951e-19
14.2969    -3.26108e-19
14.3555    -1.27902e-18
14.4141    -2.54576e-18
14.4727    -1.24006e-18
14.5312    -1.46706e-18
14.5898    -1.50094e-18
14.6484    -2.19382e-19
14.707    5.5396e-19
14.7656    8.80914e-19
14.8242    -7.18284e-19
14.8828    -1.04354e-18
14.9414    5.76512e-19
15.0    -7.0812e-19
15.0586    -8.28398e-19
15.1172    5.89535e-19
15.1758    5.35325e-19
15.2344    1.32899e-18
15.293    3.13741e-18
15.3516    1.78029e-18
15.4102    2.18873e-18
15.4688    1.65849e-18
15.5273    -2.23617e-19
15.5859    -1.13333e-18
15.6445    -2.49028e-19
15.7031    -1.09606e-18
15.7617    -4.15046e-20
15.8203    -5.18384e-19
15.8789    -6.35275e-19
15.9375    1.66865e-19
15.9961    -9.08019e-19
16.0547    -1.06207e-18
16.1133    -9.65618e-20
16.1719    -8.5635e-19
16.2305    -4.7688e-19
16.2891    -1.14519e-18
16.3477    -1.37325e-18
16.4062    3.89635e-20
16.4648    3.93023e-19
16.5234    2.60886e-19
16.582    1.23159e-18
16.6406    7.71647e-19
16.6992    2.67662e-19
16.7578    9.7917e-19
16.8164    3.30343e-19
16.875    5.40407e-19
16.9336    9.44018e-19
16.9922    -5.99699e-19
17.0508    -1.07404e-18
17.1094    -2.87991e-19
17.168    -8.28398e-19
17.2266    1.10114e-20
17.2852    5.67512e-19
17.3438    -9.69006e-19
17.4023    1.13502e-19
17.4609    3.91329e-19
17.5195    -8.06799e-20
17.5781    1.10792e-18
17.6367    5.99699e-19
17.6953    -3.02391e-19
17.7539    4.06576e-19
17.8125    9.31736e-20
17.8711    -4.65868e-19
17.9297    5.20078e-19
17.9883    1.88994e-19
18.0469    -3.04932e-19
18.1055    9.2496e-19
18.1641    7.06425e-19
18.2227    -3.33731e-19
18.2812    2.93073e-19
18.3398    3.3119e-19
18.3984    -8.1654e-19
18.457    4.23093e-19
18.5156    1.00628e-18
18.5742    3.50672e-19
18.6328    8.70359e-19
18.6914    5.06526e-19
18.75    -5.75982e-20
18.8086    6.58568e-19
18.8672    7.23366e-19
18.9258    -3.27802e-19
18.9844    5.42101e-19
19.043    5.67512e-19
19.1016    -3.76083e-19
19.1602    -2.99003e-19
19.2188    7.14896e-19
19.2773    7.36919e-20
19.3359    -3.38813e-21
19.3945    1.20279e-19
19.4531    -1.00416e-18
19.5117    -8.92773e-19
19.5703    5.33631e-19
19.6289    -4.40034e-19
19.6875    -1.29427e-18
19.7461    -1.43996e-19
19.8047    -4.07423e-19
19.8633    -8.72444e-20
19.9219    6.01393e-19
19.9805    1.855e-19
20.0391    -5.75135e-19
20.0977    -2.42251e-19
20.1562    5.84453e-20
20.2148    -4.63327e-19
20.2734    -1.18585e-19
20.332    7.68259e-19
20.3906    1.4569e-19
20.4492    -2.93073e-19
20.5078    5.12455e-19
20.5664    2.28699e-19
20.625    -6.18334e-19
20.6836    2.21923e-19
20.7422    2.47969e-19
20.8008    1.47384e-19
20.8594    1.10114e-19
20.918    3.93023e-19
20.9766    -6.97955e-19
21.0352    -7.91129e-19
21.0938    7.36919e-20
21.1523    -2.29122e-19
21.2109    -5.96311e-19
21.2695    -1.43996e-19
21.3281    3.00326e-19
21.3867    1.52466e-20
21.4453    3.71e-19
21.5039    1.46283e-18
21.5625    7.13202e-19
21.6211    1.60936e-19
21.6797    5.709e-19
21.7383    4.78891e-19
21.7969    1.55854e-19
21.8555    5.33631e-19
21.9141    5.99699e-19
21.9727    1.65171e-19
22.0312    -2.71051e-20
22.0898    1.91429e-19
22.1484    6.73391e-20
22.207    1.01644e-20
22.2656    6.57298e-19
22.3242    7.80964e-19
22.3828    8.97855e-20
22.4414    -9.23266e-20
22.5    4.31987e-19
22.5586    -2.5411e-20
22.6172    -4.18011e-19
22.6758    8.89385e-20
22.7344    3.89635e-19
22.793    -1.86347e-20
22.8516    5.0822e-21
22.9102    4.74338e-19
22.9688    3.47284e-19
23.0273    -3.93023e-19
23.0859    -8.55503e-20
23.1445    4.7095e-19
23.2031    -2.20229e-20
23.2617    -4.01494e-19
23.3203    1.15196e-19
23.3789    3.38707e-19
23.4375    -3.09167e-19
23.4961    -5.42101e-19
23.5547    5.03138e-19
23.6133    2.65121e-19
23.6719    -3.73118e-19
23.7305    -6.07323e-19
23.7891    1.89735e-19
23.8477    9.82558e-20
23.9062    -3.91329e-19
23.9648    1.48231e-19
24.0234    5.98005e-19
24.082    -1.43996e-19
24.1406    -9.11407e-19
24.1992    -2.44793e-19
24.2578    2.28408e-19
24.3164    -4.6248e-19
24.375    -5.79371e-19
24.4336    -1.35525e-20
24.4922    5.59042e-19
24.5508    -5.2516e-20
24.6094    -4.32834e-19
24.668    2.11758e-19
24.7266    5.86147e-19
24.7852    9.99499e-20
24.8438    -2.52416e-19
24.9023    3.12555e-19
24.9609    5.66665e-19
25.0195    3.98105e-20
25.0781    -2.43945e-19
25.1367    1.96512e-19
25.1953    4.74338e-19
25.2539    -8.30092e-20
25.3125    -5.14996e-19
25.3711    -9.91029e-20
25.4297    4.89373e-19
25.4883    2.37169e-20
25.5469    -6.58992e-19
25.6055    -2.64274e-19
25.6641    1.82959e-19
25.7227    9.48677e-20
25.7812    -5.38713e-19
25.8398    -2.23617e-19
25.8984    2.86297e-19
25.957    3.89635e-20
26.0156    -5.43795e-19
26.0742    -6.42051e-19
26.1328    6.60686e-20
26.1914    2.65968e-19
26.25    -1.01644e-19
26.3086    -3.59142e-19
26.3672    8.42798e-20
26.4258    4.55704e-19
26.4844    -7.6233e-21
26.543    -5.45701e-19
26.6016    -3.54907e-19
26.6602    4.16105e-19
26.7188    3.21237e-19
26.7773    -2.06517e-19
26.8359    -3.38337e-19
26.8945    4.37281e-20
26.9531    3.22865e-19
27.0117    2.23815e-19
27.0703    -1.99126e-19
27.1289    2.97388e-20
27.1875    1.65519e-19
27.2461    2.39346e-19
27.3047    -1.53546e-19
27.3633    -2.24665e-19
27.4219    1.78502e-19
27.4805    3.50992e-19
27.5391    5.4303e-20
27.5977    -4.42838e-19
27.6562    -4.84379e-19
27.7148    2.36039e-19
27.7734    4.82548e-19
27.832    1.91854e-19
27.8906    -2.32779e-19
27.9492    -1.20345e-19
28.0078    2.29899e-19
28.0664    2.34309e-19
28.125    -3.16923e-20
28.1836    -2.34169e-19
28.2422    -1.00305e-19
28.3008    2.93214e-19
28.3594    1.36886e-19
28.418    -2.20673e-19
28.4766    -3.11801e-19
28.5352    1.57228e-19
28.5938    4.94792e-19
28.6523    3.80378e-19
28.7109    -2.77805e-19
28.7695    -6.79518e-19
28.8281    -3.91283e-19
28.8867    2.55763e-19
28.9453    5.01383e-19
29.0039    1.83386e-19
29.0625    -3.53693e-19
29.1211    -3.35595e-19
29.1797    2.98445e-20
29.2383    5.03006e-19
29.2969    2.59036e-19
29.3555    -3.42703e-19
29.4141    -5.65749e-19
29.4727    -1.38732e-19
29.5312    5.12561e-19
29.5898    5.97523e-19
29.6484    8.60776e-20
29.707    -4.69487e-19
29.7656    -6.02135e-19
29.8242    -1.53942e-19
29.8828    3.90668e-19
29.9414    3.98921e-19

-30.0    -1.14815e-20
-29.9414    -1.47959e-20
-29.8828    8.19179e-21
-29.8242    1.93178e-20
-29.7656    1.21101e-20
-29.707    -4.44826e-21
-29.6484    -2.20649e-20
-29.5898    -1.89849e-20
-29.5312    5.56332e-22
-29.4727    1.66408e-20
-29.4141    1.55199e-20
-29.3555    -8.0384e-22
-29.2969    -8.24661e-21
-29.2383    -5.55291e-21
-29.1797    3.48448e-21
-29.1211    1.00978e-20
-29.0625    -9.0347e-22
-29.0039    -1.0211e-20
-28.9453    -1.18114e-20
-28.8867    3.28297e-22
-28.8281    1.59828e-20
-28.7695    -2.9204e-21
-28.7109    -7.25449e-21
-28.6523    -9.08015e-21
-28.5938    -3.83553e-22
-28.5352    5.36199e-21
-28.4766    6.53374e-21
-28.418    -1.77193e-20
-28.3594    -1.57434e-20
-28.3008    2.26491e-21
-28.2422    7.27586e-21
-28.1836    3.48927e-21
-28.125    -9.60144e-21
-28.0664    -2.41439e-21
-28.0078    1.52152e-20
-27.9492    2.61712e-20
-27.8906    1.46925e-20
-27.832    4.27895e-21
-27.7734    -4.34901e-21
-27.7148    7.92299e-21
-27.6562    -8.38792e-21
-27.5977    -1.17582e-20
-27.5391    -2.39306e-20
-27.4805    6.60685e-22
-27.4219    1.79853e-20
-27.3633    1.47201e-20
-27.3047    -5.85158e-21
-27.2461    -6.59346e-21
-27.1875    1.63556e-20
-27.1289    1.82464e-20
-27.0703    1.2416e-21
-27.0117    -1.19486e-20
-26.9531    -1.61979e-20
-26.8945    3.93407e-21
-26.8359    6.13768e-21
-26.7773    -1.03894e-20
-26.7188    -3.85135e-21
-26.6602    1.24408e-20
-26.6016    3.03476e-20
-26.543    1.13555e-20
-26.4844    -1.10114e-20
-26.4258    -2.83227e-21
-26.3672    1.68348e-20
-26.3086    2.30816e-20
-26.25    5.50571e-21
-26.1914    -7.94093e-21
-26.1328    -6.45863e-21
-26.0742    -8.78797e-21
-26.0156    -5.29396e-21
-25.957    -1.3129e-20
-25.8984    2.11758e-21
-25.8398    2.20229e-20
-25.7812    9.95264e-21
-25.7227    -8.68209e-21
-25.6641    -1.58819e-21
-25.6055    1.87406e-20
-25.5469    2.24464e-20
-25.4883    -2.80911e-21
-25.4297    -4.34104e-21
-25.3711    6.35275e-22
-25.3125    -9.52912e-22
-25.2539    -1.58819e-20
-25.1953    -6.56451e-21
-25.1367    -1.69407e-21
-25.0781    5.0822e-21
-25.0195    -1.13588e-20
-24.9609    1.90582e-21
-24.9023    2.40346e-20
-24.8438    2.29758e-20
-24.7852    9.31736e-21
-24.7266    3.88576e-20
-24.668    3.67665e-20
-24.6094    7.94093e-21
-24.5508    -2.48816e-20
-24.4922    -3.20814e-20
-24.4336    -3.17637e-21
-24.375    1.07997e-20
-24.3164    -1.33143e-20
-24.2578    -1.85818e-20
-24.1992    -2.66815e-20
-24.1406    -2.4564e-20
-24.082    -1.88465e-20
-24.0234    -1.48231e-21
-23.9648    -1.50878e-21
-23.9062    -1.29173e-20
-23.8477    -1.14349e-20
-23.7891    2.22346e-20
-23.7305    1.4929e-20
-23.6719    -9.87323e-21
-23.6133    -1.19643e-20
-23.5547    -1.37643e-21
-23.4961    1.93759e-20
-23.4375    -1.30231e-20
-23.3789    -3.22931e-21
-23.3203    -2.04347e-20
-23.2617    4.12929e-21
-23.2031    1.27055e-20
-23.1445    2.80315e-20
-23.0859    6.1304e-20
-23.0273    3.26108e-20
-22.9688    2.24464e-20
-22.9102    6.1225e-20
-22.8516    1.89524e-20
-22.793    -1.4929e-20
-22.7344    1.79995e-21
-22.6758    1.53789e-20
-22.6172    -6.45863e-21
-22.5586    -5.82335e-21
-22.5    1.63054e-20
-22.4414    1.81186e-20
-22.3828    -3.38813e-21
-22.3242    -5.29396e-21
-22.2656    4.22458e-20
-22.207    3.13733e-20
-22.1484    -1.45054e-20
-22.0898    1.29173e-20
-22.0312    2.96991e-20
-21.9727    1.85288e-21
-21.9141    -1.8423e-20
-21.8555    2.38228e-20
-21.7969    4.84397e-21
-21.7383    -5.13514e-21
-21.6797    -1.58819e-21
-21.6211    -3.17637e-20
-21.5625    -3.08373e-20
-21.5039    -1.8423e-20
-21.4453    6.43745e-20
-21.3867    5.50836e-20
-21.3281    3.11285e-20
-21.2695    4.37281e-20
-21.2109    1.79465e-20
-21.1523    -2.97785e-20
-21.0938    -4.22458e-20
-21.0352    -2.41404e-20
-20.9766    2.20096e-20
-20.918    1.4929e-20
-20.8594    -6.77626e-21
-20.8008    1.21761e-20
-20.7422    8.94679e-21
-20.6836    5.00808e-20
-20.625    5.65924e-20
-20.5664    1.5723e-20
-20.5078    4.85985e-20
-20.4492    2.63639e-20
-20.3906    1.68348e-20
-20.332    1.37643e-21
-20.2734    3.95988e-20
-20.2148    -9.22472e-21
-20.1562    3.13402e-20
-20.0977    7.40095e-20
-20.0391    5.72442e-20
-19.9805    3.05991e-20
-19.9219    4.59515e-20
-19.8633    9.41662e-21
-19.8047    -1.95876e-20
-19.7461    -3.08108e-20
-19.6875    -6.10128e-21
-19.6289    3.07049e-21
-19.5703    4.4681e-20
-19.5117    4.05385e-20
-19.4531    1.41878e-20
-19.3945    5.95041e-20
-19.3359    9.13274e-20
-19.2773    1.42937e-20
-19.2188    1.81053e-20
-19.1602    6.00732e-20
-19.1016    5.92923e-20
-19.043    5.19866e-20
-18.9844    1.6676e-20
-18.9258    1.50348e-20
-18.8672    3.38813e-21
-18.8086    1.02385e-19
-18.75    6.54333e-20
-18.6914    6.78156e-20
-18.6328    4.43634e-20
-18.5742    3.40931e-20
-18.5156    4.19943e-20
-18.457    2.21287e-20
-18.3984    -6.35275e-22
-18.3398    1.11702e-20
-18.2812    2.61521e-20
-18.2227    -1.97465e-20
-18.1641    -4.10811e-20
-18.1055    -1.69407e-21
-18.0469    2.11494e-20
-17.9883    -2.20229e-20
-17.9297    4.49986e-20
-17.8711    2.30949e-20
-17.8125    -4.47869e-20
-17.7539    9.31736e-21
-17.6953    4.65868e-21
-17.6367    -1.19643e-20
-17.5781    -8.47033e-22
-17.5195    1.54584e-20
-17.4609    -4.41516e-20
-17.4023    3.3246e-20
-17.3438    -6.56451e-21
-17.2852    3.67401e-20
-17.2266    6.25746e-20
-17.168    -2.64698e-20
-17.1094    -2.08317e-20
-17.0508    4.79632e-20
-16.9922    -2.31875e-20
-16.9336    9.84676e-21
-16.875    -8.36445e-21
-16.8164    -2.65277e-20
-16.7578    4.24575e-20
-16.6992    6.02982e-20
-16.6406    -2.35581e-20
-16.582    -8.47033e-21
-16.5234    5.62814e-21
-16.4648    5.29396e-21
-16.4062    3.36696e-20
-16.3477    3.10226e-20
-16.2891    7.41154e-22
-16.2305    9.43515e-20
-16.1719    7.71859e-20
-16.1133    -3.17637e-21
-16.0547    -1.43996e-20
-15.9961    -7.43271e-20
-15.9375    -9.58206e-21
-15.8789    -2.12817e-20
-15.8203    -7.94093e-21
-15.7617    -1.15408e-20
-15.7031    8.89385e-21
-15.6445    7.84035e-20
-15.5859    -3.17637e-22
-15.5273    2.72639e-20
-15.4688    3.57871e-20
-15.4102    1.73112e-20
-15.3516    -4.64809e-20
-15.293    3.80106e-20
-15.2344    7.41154e-21
-15.1758    6.88214e-20
-15.1172    1.27017e-19
-15.0586    1.6263e-19
-15.0    -3.12873e-20
-14.9414    6.26804e-20
-14.8828    3.5046e-20
-14.8242    1.28114e-19
-14.7656    1.23879e-19
-14.707    7.54521e-20
-14.6484    1.99053e-20
-14.5898    -3.45695e-20
-14.5312    -1.50984e-19
-14.4727    -1.68242e-19
-14.4141    -1.29808e-19
-14.3555    -1.65913e-19
-14.2969    -6.80803e-20
-14.2383    -1.54478e-19
-14.1797    -6.8795e-20
-14.1211    -5.91864e-20
-14.0625    -9.61912e-20
-14.0039    7.36919e-20
-13.9453    4.16105e-20
-13.8867    1.33408e-20
-13.8281    1.47595e-19
-13.7695    -2.32405e-20
-13.7109    7.0939e-20
-13.6523    6.6995e-20
-13.5938    5.93982e-20
-13.5352    4.80691e-20
-13.4766    3.854e-20
-13.418    -4.19811e-20
-13.3594    -1.95876e-20
-13.3008    -2.8905e-20
-13.2422    -1.12232e-20
-13.1836    1.44843e-19
-13.125    9.23795e-20
-13.0664    1.34255e-19
-13.0078    5.66983e-20
-12.9492    9.24325e-20
-12.8906    1.70121e-19
-12.832    8.66091e-20
-12.7734    1.10538e-19
-12.7148    1.46431e-19
-12.6562    4.62692e-20
-12.5977    6.05629e-20
-12.5391    -6.34216e-20
-12.4805    3.44107e-20
-12.4219    4.02341e-20
-12.3633    -8.84091e-20
-12.3047    -1.3976e-20
-12.2461    -9.39677e-20
-12.1875    -1.06409e-19
-12.1289    -1.49766e-19
-12.0703    -1.27267e-19
-12.0117    -2.1152e-19
-11.9531    -1.75971e-19
-11.8945    -2.75061e-19
-11.8359    -2.15146e-19
-11.7773    -1.75442e-19
-11.7188    -1.22608e-19
-11.6602    -1.15461e-19
-11.6016    9.42324e-21
-11.543    5.99276e-20
-11.4844    7.73976e-20
-11.4258    7.9727e-20
-11.3672    -3.27166e-20
-11.3086    -9.31736e-21
-11.25    1.33408e-20
-11.1914    1.48972e-19
-11.1328    -1.2409e-19
-11.0742    -3.70577e-21
-11.0156    1.43784e-19
-10.957    7.07273e-20
-10.8984    2.20334e-19
-10.8398    2.47757e-20
-10.7812    6.79744e-20
-10.7227    2.71051e-20
-10.6641    -2.77403e-20
-10.6055    2.3971e-19
-10.5469    3.3749e-19
-10.4883    4.42151e-19
-10.4297    3.24361e-19
-10.3711    3.05144e-19
-10.3125    4.61104e-20
-10.2539    -1.08844e-19
-10.1953    -4.59515e-20
-10.1367    -2.33781e-19
-10.0781    -2.91803e-19
-10.0195    -2.37381e-19
-9.96094    -2.54269e-19
-9.90234    -1.30231e-19
-9.84375    -2.79044e-19
-9.78516    -3.39872e-19
-9.72656    -5.34584e-19
-9.66797    -4.15893e-19
-9.60938    -5.67089e-19
-9.55078    -8.45974e-19
-9.49219    -1.02465e-18
-9.43359    -1.35737e-18
-9.375    -2.05384e-18
-9.31641    -3.70598e-18
-9.25781    -6.36662e-18
-9.19922    -1.09176e-17
-9.14062    -1.84165e-17
-9.08203    -3.09823e-17
-9.02344    -5.17177e-17
-8.96484    -8.59503e-17
-8.90625    -1.42563e-16
-8.84766    -2.3515e-16
-8.78906    -3.87016e-16
-8.73047    -6.34994e-16
-8.67188    -1.0387e-15
-8.61328    -1.69258e-15
-8.55469    -2.74861e-15
-8.49609    -4.44793e-15
-8.4375    -7.1736e-15
-8.37891    -1.15298e-14
-8.32031    -1.84671e-14
-8.26172    -2.94771e-14
-8.20312    -4.68885e-14
-8.14453    -7.4328e-14
-8.08594    -1.1742e-13
-8.02734    -1.84854e-13
-7.96875    -2.90013e-13
-7.91016    -4.53423e-13
-7.85156    -7.06458e-13
-7.79297    -1.09689e-12
-7.73438    -1.69721e-12
-7.67578    -2.61698e-12
-7.61719    -4.02121e-12
-7.55859    -6.15748e-12
-7.5    -9.39589e-12
-7.44141    -1.42876e-11
-7.38281    -2.16505e-11
-7.32422    -3.26934e-11
-7.26562    -4.91966e-11
-7.20703    -7.37721e-11
-7.14844    -1.10237e-10
-7.08984    -1.64151e-10
-7.03125    -2.43577e-10
-6.97266    -3.60167e-10
-6.91406    -5.30696e-10
-6.85547    -7.79219e-10
-6.79688    -1.1401e-09
-6.73828    -1.66225e-09
-6.67969    -2.41501e-09
-6.62109    -3.49627e-09
-6.5625    -5.04376e-09
-6.50391    -7.25048e-09
-6.44531    -1.03858e-08
-6.38672    -1.48241e-08
-6.32812    -2.10842e-08
-6.26953    -2.98812e-08
-6.21094    -4.21981e-08
-6.15234    -5.93796e-08
-6.09375    -8.3259e-08
-6.03516    -1.16324e-07
-5.97656    -1.6194e-07
-5.91797    -2.24637e-07
-5.85938    -3.1049e-07
-5.80078    -4.27614e-07
-5.74219    -5.86802e-07
-5.68359    -8.02349e-07
-5.625    -1.09312e-06
-5.56641    -1.48387e-06
-5.50781    -2.00702e-06
-5.44922    -2.70477e-06
-5.39062    -3.63186e-06
-5.33203    -4.85896e-06
-5.27344    -6.47699e-06
-5.21484    -8.60228e-06
-5.15625    -1.13831e-05
-5.09766    -1.50077e-05
-5.03906    -1.97138e-05
-4.98047    -2.58002e-05
-4.92188    -3.36412e-05
-4.86328    -4.37029e-05
-4.80469    -5.65636e-05
-4.74609    -7.29368e-05
-4.6875    -9.36992e-05
-4.62891    -0.000119923
-4.57031    -0.00015291
-4.51172    -0.00019424
-4.45312    -0.000245812
-4.39453    -0.000309902
-4.33594    -0.000389222
-4.27734    -0.000486987
-4.21875    -0.000606987
-4.16016    -0.000753662
-4.10156    -0.000932188
-4.04297    -0.00114856
-3.98438    -0.00140968
-3.92578    -0.00172345
-3.86719    -0.00209885
-3.80859    -0.002546
-3.75    -0.00307625
-3.69141    -0.00370226
-3.63281    -0.00443794
-3.57422    -0.00529857
-3.51562    -0.00630068
-3.45703    -0.00746206
-3.39844    -0.00880158
-3.33984    -0.0103391
-3.28125    -0.0120952
-3.22266    -0.0140908
-3.16406    -0.0163472
-3.10547    -0.0188849
-3.04688    -0.0217239
-2.98828    -0.0248826
-2.92969    -0.0283773
-2.87109    -0.0322213
-2.8125    -0.0364244
-2.75391    -0.0409917
-2.69531    -0.0459231
-2.63672    -0.051212
-2.57812    -0.0568447
-2.51953    -0.0627993
-2.46094    -0.0690451
-2.40234    -0.075542
-2.34375    -0.0822396
-2.28516    -0.0890772
-2.22656    -0.0959836
-2.16797    -0.102877
-2.10938    -0.109665
-2.05078    -0.116247
-1.99219    -0.122514
-1.93359    -0.128347
-1.875    -0.133626
-1.81641    -0.138226
-1.75781    -0.14202
-1.69922    -0.144883
-1.64062    -0.146698
-1.58203    -0.147351
-1.52344    -0.146742
-1.46484    -0.144785
-1.40625    -0.14141
-1.34766    -0.13657
-1.28906    -0.130238
-1.23047    -0.122414
-1.17188    -0.113127
-1.11328    -0.102432
-1.05469    -0.0904153
-0.996094    -0.077193
-0.9375    -0.0629093
-0.878906    -0.0477361
-0.820312    -0.0318705
-0.761719    -0.0155317
-0.703125    0.00104257
-0.644531    0.0176007
-0.585938    0.033882
-0.527344    0.049622
-0.46875    0.064558
-0.410156    0.078435
-0.351562    0.0910118
-0.292969    0.102066
-0.234375    0.111399
-0.175781    0.118841
-0.117188    0.124258
-0.0585938    0.127548
0.0    0.128652
0.0585938    0.127548
0.117188    0.124258
0.175781    0.118841
0.234375    0.111399
0.292969    0.102066
0.351562    0.0910118
0.410156    0.078435
0.46875    0.064558
0.527344    0.049622
0.585938    0.033882
0.644531    0.0176007
0.703125    0.00104257
0.761719    -0.0155317
0.820312    -0.0318705
0.878906    -0.0477361
0.9375    -0.0629093
0.996094    -0.077193
1.05469    -0.0904153
1.11328    -0.102432
1.17188    -0.113127
1.23047    -0.122414
1.28906    -0.130238
1.34766    -0.13657
1.40625    -0.14141
1.46484    -0.144785
1.52344    -0.146742
1.58203    -0.147351
1.64062    -0.146698
1.69922    -0.144883
1.75781    -0.14202
1.81641    -0.138226
1.875    -0.133626
1.93359    -0.128347
1.99219    -0.122514
2.05078    -0.116247
2.10938    -0.109665
2.16797    -0.102877
2.22656    -0.0959836
2.28516    -0.0890772
2.34375    -0.0822396
2.40234    -0.075542
2.46094    -0.0690451
2.51953    -0.0627993
2.57812    -0.0568447
2.63672    -0.051212
2.69531    -0.0459231
2.75391    -0.0409917
2.8125    -0.0364244
2.87109    -0.0322213
2.92969    -0.0283773
2.98828    -0.0248826
3.04688    -0.0217239
3.10547    -0.0188849
3.16406    -0.0163472
3.22266    -0.0140908
3.28125    -0.0120952
3.33984    -0.0103391
3.39844    -0.00880158
3.45703    -0.00746206
3.51562    -0.00630068
3.57422    -0.00529857
3.63281    -0.00443794
3.69141    -0.00370226
3.75    -0.00307625
3.80859    -0.002546
3.86719    -0.00209885
3.92578    -0.00172345
3.98438    -0.00140968
4.04297    -0.00114856
4.10156    -0.000932188
4.16016    -0.000753662
4.21875    -0.000606987
4.27734    -0.000486987
4.33594    -0.000389222
4.39453    -0.000309902
4.45312    -0.000245812
4.51172    -0.00019424
4.57031    -0.00015291
4.62891    -0.000119923
4.6875    -9.36992e-05
4.74609    -7.29368e-05
4.80469    -5.65636e-05
4.86328    -4.37029e-05
4.92188    -3.36412e-05
4.98047    -2.58002e-05
5.03906    -1.97138e-05
5.09766    -1.50077e-05
5.15625    -1.13831e-05
5.21484    -8.60228e-06
5.27344    -6.47699e-06
5.33203    -4.85896e-06
5.39062    -3.63186e-06
5.44922    -2.70477e-06
5.50781    -2.00702e-06
5.56641    -1.48387e-06
5.625    -1.09312e-06
5.68359    -8.02349e-07
5.74219    -5.86802e-07
5.80078    -4.27614e-07
5.85938    -3.1049e-07
5.91797    -2.24637e-07
5.97656    -1.6194e-07
6.03516    -1.16324e-07
6.09375    -8.3259e-08
6.15234    -5.93796e-08
6.21094    -4.21981e-08
6.26953    -2.98812e-08
6.32812    -2.10842e-08
6.38672    -1.48241e-08
6.44531    -1.03858e-08
6.50391    -7.25048e-09
6.5625    -5.04376e-09
6.62109    -3.49627e-09
6.67969    -2.41501e-09
6.73828    -1.66225e-09
6.79688    -1.1401e-09
6.85547    -7.79219e-10
6.91406    -5.30696e-10
6.97266    -3.60167e-10
7.03125    -2.43577e-10
7.08984    -1.64151e-10
7.14844    -1.10237e-10
7.20703    -7.37721e-11
7.26562    -4.91966e-11
7.32422    -3.26934e-11
7.38281    -2.16505e-11
7.44141    -1.42876e-11
7.5    -9.39589e-12
7.55859    -6.15748e-12
7.61719    -4.02121e-12
7.67578    -2.61698e-12
7.73438    -1.69721e-12
7.79297    -1.09689e-12
7.85156    -7.06458e-13
7.91016    -4.53423e-13
7.96875    -2.90013e-13
8.02734    -1.84855e-13
8.08594    -1.1742e-13
8.14453    -7.43282e-14
8.20312    -4.68885e-14
8.26172    -2.9477e-14
8.32031    -1.84674e-14
8.37891    -1.15303e-14
8.4375    -7.17426e-15
8.49609    -4.4487e-15
8.55469    -2.74894e-15
8.61328    -1.69281e-15
8.67188    -1.03896e-15
8.73047    -6.35395e-16
8.78906    -3.87388e-16
8.84766    -2.35358e-16
8.90625    -1.42608e-16
8.96484    -8.60435e-17
9.02344    -5.15694e-17
9.08203    -3.10842e-17
9.14062    -1.85342e-17
9.19922    -1.13568e-17
9.25781    -6.75826e-18
9.31641    -4.00022e-18
9.375    -2.25152e-18
9.43359    -1.50761e-18
9.49219    -7.86682e-19
9.55078    -4.06576e-19
9.60938    -1.70042e-19
9.66797    -5.29396e-20
9.72656    -8.96796e-20
9.78516    -1.27055e-21
9.84375    -2.73909e-19
9.90234    -5.49089e-19
9.96094    -5.14678e-19
10.0195    -5.0822e-19
10.0781    -4.25316e-19
10.1367    -3.28331e-19
10.1953    -2.1557e-19
10.2539    -2.73698e-19
10.3125    -4.4808e-19
10.3711    -2.45851e-19
10.4297    -1.38278e-19
10.4883    -6.14099e-21
10.5469    -4.74338e-20
10.6055    1.47172e-19
10.6641    2.47757e-19
10.7227    4.82809e-20
10.7812    8.17387e-20
10.8398    3.88576e-20
10.8984    2.85768e-19
10.957    -4.95514e-20
11.0156    -9.31736e-20
11.0742    9.61382e-20
11.1328    1.61995e-19
11.1914    6.67038e-20
11.25    8.09446e-20
11.3086    6.35275e-21
11.3672    -7.86417e-20
11.4258    -1.77877e-20
11.4844    -1.08275e-19
11.543    -2.07947e-19
11.6016    -1.54911e-19
11.6602    -1.05879e-21
11.7188    8.59738e-20
11.7773    1.07997e-20
11.8359    -3.44107e-21
11.8945    -1.50772e-19
11.9531    -3.91753e-21
12.0117    -1.15832e-19
12.0703    -3.46225e-20
12.1289    -1.21126e-19
12.1875    -1.65595e-19
12.2461    -2.3844e-19
12.3047    -3.61895e-19
12.3633    -1.57654e-19
12.4219    -7.50683e-20
12.4805    -8.78797e-21
12.5391    1.27055e-20
12.5977    1.76818e-20
12.6562    -8.25857e-20
12.7148    -8.19637e-20
12.7734    -1.15514e-19
12.832    2.59404e-21
12.8906    -7.89858e-20
12.9492    -1.18055e-19
13.0078    -1.96406e-19
13.0664    -1.75548e-19
13.125    -3.37754e-20
13.1836    -8.89385e-20
13.2422    6.43216e-20
13.3008    1.1255e-19
13.3594    1.35697e-19
13.418    2.42781e-19
13.4766    1.73086e-19
13.5352    3.27166e-19
13.5938    1.81583e-19
13.6523    7.66565e-20
13.7109    1.20914e-19
13.7695    -3.4199e-20
13.8281    -1.14349e-20
13.8867    1.18902e-19
13.9453    -5.71747e-20
14.0039    5.18609e-20
14.0625    -4.85985e-20
14.1211    -5.871e-20
14.1797    -6.20452e-20
14.2383    -6.63862e-20
14.2969    -2.28699e-20
14.3555    -9.56088e-20
14.4141    -1.89682e-19
14.4727    -8.95737e-20
14.5312    -1.09254e-19
14.5898    -1.1022e-19
14.6484    -1.81583e-20
14.707    3.69518e-20
14.7656    6.2151e-20
14.8242    -5.45277e-20
14.8828    -8.43857e-20
14.9414    3.84804e-20
15.0    -6.01393e-20
15.0586    -5.89747e-20
15.1172    4.89162e-20
15.1758    3.9387e-20
15.2344    9.32266e-20
15.293    2.2584e-19
15.3516    1.30364e-19
15.4102    1.53207e-19
15.4688    1.19326e-19
15.5273    -1.83171e-20
15.5859    -8.54444e-20
15.6445    -2.43522e-20
15.7031    -8.42798e-20
15.7617    -2.14405e-21
15.8203    -3.94929e-20
15.8789    -4.97632e-20
15.9375    9.635e-21
15.9961    -6.72332e-20
16.0547    -8.17519e-20
16.1133    -7.83505e-21
16.1719    -6.01923e-20
16.2305    -3.80106e-20
16.2891    -8.59738e-20
16.3477    -1.03232e-19
16.4062    4.23516e-21
16.4648    2.59404e-20
16.5234    1.70465e-20
16.582    8.69268e-20
16.6406    4.97102e-20
16.6992    2.0117e-20
16.7578    6.79215e-20
16.8164    1.38702e-20
16.875    3.82224e-20
16.9336    7.06214e-20
16.9922    -4.51045e-20
17.0508    -7.6233e-20
17.1094    -1.99053e-20
17.168    -6.68097e-20
17.2266    1.44922e-21
17.2852    3.86459e-20
17.3438    -7.31095e-20
17.4023    4.71162e-21
17.4609    2.66815e-20
17.5195    -8.54974e-21
17.5781    8.07858e-20
17.6367    4.53163e-20
17.6953    -2.00641e-20
17.7539    2.66815e-20
17.8125    7.30566e-21
17.8711    -3.4199e-20
17.9297    3.91753e-20
17.9883    1.20702e-20
18.0469    -2.53051e-20
18.1055    6.64921e-20
18.1641    5.04779e-20
18.2227    -2.77403e-20
18.2812    1.72054e-20
18.3398    2.51992e-20
18.3984    -5.67512e-20
18.457    3.60254e-20
18.5156    7.63388e-20
18.5742    2.83756e-20
18.6328    6.61734e-20
18.6914    4.02341e-20
18.75    -4.65868e-21
18.8086    4.71956e-20
18.8672    4.65868e-20
18.9258    -2.43522e-20
18.9844    3.43048e-20
19.043    3.86459e-20
19.1016    -3.10755e-20
19.1602    -2.5358e-20
19.2188    4.96573e-20
19.2773    1.90582e-21
19.3359    -3.75871e-21
19.3945    6.77626e-21
19.4531    -7.55448e-20
19.5117    -6.57509e-20
19.5703    3.66342e-20
19.6289    -3.25843e-20
19.6875    -9.5503e-20
19.7461    -7.6233e-21
19.8047    -2.88785e-20
19.8633    -5.50571e-21
19.9219    4.54221e-20
19.9805    1.25467e-20
20.0391    -4.66927e-20
20.0977    -1.70465e-20
20.1562    3.75871e-21
20.2148    -3.28755e-20
20.2734    -9.52912e-21
20.332    5.64865e-20
20.3906    1.07997e-20
20.4492    -2.44581e-20
20.5078    3.97576e-20
20.5664    1.80259e-20
20.625    -4.48927e-20
20.6836    1.93759e-20
20.7422    2.02295e-20
20.8008    8.57621e-21
20.8594    6.98802e-21
20.918    2.24993e-20
20.9766    -5.54807e-20
21.0352    -6.18334e-20
21.0938    5.29396e-22
21.1523    -2.02759e-20
21.2109    -5.05043e-20
21.2695    -1.34466e-20
21.3281    1.61234e-20
21.3867    -1.05879e-21
21.4453    2.33993e-20
21.5039    1.10538e-19
21.5625    5.44748e-20
21.6211    1.40819e-20
21.6797    4.54221e-20
21.7383    3.38151e-20
21.7969    9.74088e-21
21.8555    3.73753e-20
21.9141    4.16634e-20
21.9727    9.31736e-21
22.0312    7.41154e-22
22.0898    1.64113e-20
22.1484    7.67624e-21
22.207    -1.58819e-22
22.2656    4.7328e-20
22.3242    5.3469e-20
22.3828    1.93229e-21
22.4414    -9.68794e-21
22.5    3.05991e-20
22.5586    1.37643e-21
22.6172    -2.61786e-20
22.6758    1.10114e-20
22.7344    3.18696e-20
22.793    1.05879e-22
22.8516    1.85288e-22
22.9102    3.40401e-20
22.9688    2.46698e-20
23.0273    -3.20814e-20
23.0859    -7.41154e-21
23.1445    3.28755e-20
23.2031    -4.02341e-21
23.2617    -2.95403e-20
23.3203    7.94093e-21
23.3789    2.30419e-20
23.4375    -2.21287e-20
23.4961    -4.09752e-20
23.5547    3.39872e-20
23.6133    1.92171e-20
23.6719    -2.76874e-20
23.7305    -4.3834e-20
23.7891    1.63054e-20
23.8477    7.72918e-21
23.9062    -2.68404e-20
23.9648    1.27584e-20
24.0234    4.41516e-20
24.082    -1.13291e-20
24.1406    -6.80803e-20
24.1992    -1.68877e-20
24.2578    1.59315e-20
24.3164    -3.28225e-20
24.375    -4.08693e-20
24.4336    2.22346e-21
24.4922    4.45751e-20
24.5508    -3.28225e-21
24.6094    -3.31931e-20
24.668    1.56172e-20
24.7266    4.25634e-20
24.7852    8.04681e-21
24.8438    -1.74701e-20
24.9023    2.32934e-20
24.9609    4.13458e-20
25.0195    3.91753e-21
25.0781    -1.59877e-20
25.1367    1.50348e-20
25.1953    3.27166e-20
25.2539    -7.83505e-21
25.3125    -3.86459e-20
25.3711    -8.41739e-21
25.4297    3.54695e-20
25.4883    1.79995e-21
25.5469    -4.85985e-20
25.6055    -1.89524e-20
25.6641    1.32349e-20
25.7227    9.74088e-21
25.7812    -3.91753e-20
25.8398    -1.69407e-20
25.8984    2.28699e-20
25.957    4.87044e-21
26.0156    -3.94929e-20
26.0742    -4.54221e-20
26.1328    6.24687e-21
26.1914    1.8423e-20
26.25    -8.62915e-21
26.3086    -2.78991e-20
26.3672    5.02926e-21
26.4258    3.19755e-20
26.4844    -3.22931e-21
26.543    -4.1584e-20
26.6016    -2.69065e-20
26.6602    2.91366e-20
26.7188    2.41074e-20
26.7773    -1.45815e-20
26.8359    -2.34555e-20
26.8945    5.43954e-21
26.9531    2.50388e-20
27.0117    1.66189e-20
27.0703    -1.30016e-20
27.1289    1.56503e-21
27.1875    1.31731e-20
27.2461    1.84727e-20
27.3047    -1.16734e-20
27.3633    -1.68627e-20
27.4219    1.30215e-20
27.4805    2.5157e-20
27.5391    3.97786e-21
27.5977    -3.20351e-20
27.6562    -3.49752e-20
27.7148    1.71287e-20
27.7734    3.4552e-20
27.832    1.26089e-20
27.8906    -1.81e-20
27.9492    -9.67903e-21
28.0078    1.73508e-20
28.0664    1.80823e-20
28.125    -2.80799e-21
28.1836    -1.66903e-20
28.2422    -7.50982e-21
28.3008    2.13596e-20
28.3594    1.0852e-20
28.418    -1.50859e-20
28.4766    -2.1979e-20
28.5352    1.24392e-20
28.5938    3.62489e-20
28.6523    2.64002e-20
28.7109    -2.20667e-20
28.7695    -5.02708e-20
28.8281    -2.90308e-20
28.8867    1.91579e-20
28.9453    3.70129e-20
29.0039    1.33949e-20
29.0625    -2.65824e-20
29.1211    -2.51365e-20
29.1797    1.97123e-21
29.2383    3.58922e-20
29.2969    1.83176e-20
29.3555    -2.52134e-20
29.4141    -4.2062e-20
29.4727    -1.01696e-20
29.5312    3.63694e-20
29.5898    4.31499e-20
29.6484    6.36421e-21
29.707    -3.47365e-20
29.7656    -4.3772e-20
29.8242    -1.07299e-20
29.8828    2.91417e-20
29.9414    2.9488e-20

